0.00012421122373288876
0.0007552913489911917
0.00047798683766720184
0.0001811632516851662
0.00012103650746382924
0.0003355001338051862
0.0004573690199917959
0.00010824536527395619
0.003420417017454477
0.0003846964765213573
0.001443774633007749
0.0007456899633102248
0.0004911215428606013
0.002039886441298696
0.0004592738346252031
0.00029408911537448344
0.000130733866862551
0.0011036957389955638
0.00014809339240799644
0.0017823646992846183
0.0015105601970388707
0.00021636908368629043
0.0003925635547606713
0.0014937538439150023
0.0007513106826964798
0.0009037484150819597
0.00030072386882965663
0.001006158535049544
7.75304417430485e-05
0.0002236791647728339
0.001216411287593216
0.001262949238365808
0.00038166049353738314
0.00036281438543064117
0.0007446399872451244
0.0023547961692929535
0.0012451409929952765
0.00048509744902456106
0.0007296866604251001
0.00030436669459900974
0.0014046474998108689
0.00042980546025207637
6.230859297616092e-05
0.0012874876123122696
0.0005067166485822296
0.0011468231900978896
0.0016785353904734965
0.0005165244192244615
0.0002584579698678761
0.0010027992125251509
0.0015283516889616005
0.0006971373701086001
0.002762423749384816
0.0018944578360668843
0.0006937332444334236
0.0007443665956849446
0.0010865503318705685
0.0002890116020601549
0.0015005731088351979
0.0003884313882802473
0.0021137067503006713
0.0010587412307789346
0.0007472953067522023
0.0005150464286786513
0.0005652586136191601
0.001501104661537554
0.0004924985663506191
0.00017797930675923172
0.0010708274365861582
0.0005758643688487056
0.0019558783649792173
0.0012912038585448983
0.0006874193557280004
0.00010111340371014488
0.00025472663045745955
0.0011135147793080705
0.0005544769692306887
0.003203934927977015
0.00013929891569425864
0.0007187580053510128
0.00010184535880614786
0.0005992040237831203
8.149221085530781e-05
0.0018694961678771252
0.0022812646623415448
0.0006438328653120397
0.0009783374987133752
0.0018476725190555929
0.0025536379988396877
0.0001716811014984214
3.599881184753739e-05
0.00046625255295463727
0.0025909581826073155
0.0019269907173890737
0.0003016914015908036
9.104475673695025e-05
0.0007339312579123886
0.0014181455576621216
0.0002657616493986464
0.0004835918362009169
0.0001918830470457496
0.0009843773559879525
0.0013664836316287436
0.0022851038959867255
0.0012609607010266957
0.0003348237379896667
0.0005203738916451324
0.0003654571554161103
0.0005439418755885878
0.0013582415205171047
0.0006387391960908578
0.0020602761717907914
0.001553721264893336
0.00012622194244334706
0.00015037843214902886
0.00015430746507683881
0.0023697274835298536
0.0006802177307215342
0.0011139018549771928
0.0002977650825481146
0.0001522801832965257
0.0006848009593572905
0.00260533762050147
0.0001392447249323246
0.0006019839958441205
0.0006340847174651306
0.00018727369330617946
0.004997228180136713
0.0022539431526409992
0.0007731530705209059
0.0007633346214811609
0.0011738957051806603
0.0012277266815896013
0.0002562086084571919
0.0013148711889143338
2.6476081008920985e-05
0.0005026169129609311
0.0009237144034503339
9.264983121632136e-06
0.00042749440312813655
0.0003885090169704959
0.0002521645665736612
0.0002640199676609476
4.807170737543147e-05
0.00032425326472763726
0.00017264543300983954
0.000354068773649092
0.0007428146849912866
0.00015539771346457989
0.0012166191059665788
0.00037104196565926594
0.0002439203906219372
0.0008846045367254582
0.0020360901109458657
8.46852599438557e-06
0.000670135204553034
0.0001995850863909301
0.0015185699441175988
3.600104064450414e-05
0.00015693180712624327
0.00016776643303780577
2.3899514008956315e-05
0.00048476293737566593
0.00022499285942699168
0.00025564601182550466
0.0012569604835445047
0.001497631007712696
0.0009348164711805791
0.0009345178067129166
0.0005674396437915547
0.00037505516513373433
0.00018174223555051335
0.0021496330502443406
0.0013085267786096001
0.0025077807602075734
0.00023497699405168382
0.0008088671569033904
0.0006980666907835055
0.000616021286030614
0.0020491175462414367
0.0002678793262920507
0.0005022401664190528
0.00045717455275765
0.0011143141579977216
0.0021251001234520723
0.0006223491844226846
0.0014573560869162792
0.00039131921871108006
1.7691758342571505e-05
0.0009635830062851737
0.004868918873984433
0.0024843585568604864
0.001071946798421462
0.00011012823209051518
0.0023703553288510655
0.0003727124957191835
0.0007110584109491082
0.000663832291643168
0.00031254035435140866
0.0008431712118174222
0.0012011424401428324
0.00040269142523212994
0.0015764294813281916
0.0032896106372335594
0.0006574643590070219
0.001890425329900984
0.0007611235478536176
0.0002183726257148571
0.00025508069140967683
0.0009395725578295532
0.0001952425774768652
1.4661796354251669e-05
0.00015618537232699024
0.002290813014674456
2.373656383860424e-05
0.0018240620814026851
0.0004140165957767791
0.0006430723359606464
0.0006896935026244368
0.0005188334532299685
0.00020452880933692847
7.71968279987768e-05
0.00042192957459429557
0.002150429225377039
2.961856460742553e-05
0.0002213555426582258
0.002384951844953173
0.0005483443585316601
0.0009988143349597713
0.00011492078418354349
0.0014377351188485836
0.003547177005195593
0.0017105618765227274
3.578521317142016e-05
0.0002715182958121004
0.00026243175067328876
7.231712709376858e-05
0.002981647183360789
0.001007709589656668
8.383292224718491e-06
0.0023426401553072566
0.00048622330273289906
0.0005375012659490464
0.0014363765344908607
0.001200707157151744
0.00144832263971305
0.00014080297900510814
4.166737183941477e-05
0.0009209984772673303
0.0001729107448422146
0.0014121105903274712
0.0006300531545148795
0.0008805904273453793
0.0012381996423210082
0.0037348688226456874
0.00010701396827628711
0.0010086800904085494
0.002032597220419759
0.00032090451820820476
0.0003848820582899606
0.0005884055966530789
0.0009102370462747023
0.00012235585363230112
0.00017209144044083057
0.00020559635697158394
0.0015486030655365844
0.0018011301492623026
0.0007299314872250979
0.0007390524991845089
0.0004659483106055597
0.002245045594011495
0.0008771881120004545
0.0006314248761013921
0.0004180198661471266
0.0019288556915371638
0.0002435682253981576
0.0006381089493912921
7.65673635163122e-05
0.002166508573525824
0.0003984639218793081
0.00020503830001156957
0.00010998448437161215
1.324307135033999e-05
4.6800855824842566e-05
0.0011726226722001143
7.341665252027156e-05
0.0013978144456036894
0.00030062608583867614
0.00010667369636141661
0.0018775327832249579
0.0006504209017314883
1.6797305570968944e-05
0.0015640132185890518
0.0009307205052564557
0.00013992381956975857
0.0006166575777594294
0.00026294206513998304
0.0004507444922398437
0.0003997318179759434
0.0005825251703121863
0.00021783390392001502
0.0003707093146345264
0.00042645762069706865
3.3531514250051716e-05
0.00017153443338179336
0.0007109140137432198
0.0002192530811496377
0.0004981038191148107
0.000599387425776935
0.000374107019032348
0.00134129142314569
0.002133822913240713
0.0009282846958659657
0.00034388294814806543
0.0016544569607449147
0.00055239143580709
0.0004670312485517852
0.0013720523733673354
0.0001172058048952777
0.0010388892023931188
0.0023615540878095726
0.0015462776760020792
0.0002491236764851835
0.00025206080005526273
0.00038399972282951943
0.001988852421441231
0.0002189731241115905
0.00045171293381327383
0.0008354771372968912
0.00031480069363821653
0.001470247680939122
0.00036158469016763834
0.0011029121318767644
0.002805847834127607
5.0291544868061555e-05
0.0011304012037605083
0.0013228351011072496
0.0015101056756359663
9.387914062433147e-05
0.006665334307969724
0.0006619442682034979
0.00034215167553954527
0.0011046594473271172
0.0004830783927629019
0.0004133773026017971
0.00012453267423645953
0.0006666410319718364
8.516987853890784e-07
0.0006510257636860347
0.0008366623011896092
0.0006221343033442357
0.00045194708773018175
0.0006175296863775006
0.001133737182886211
0.0006186184571163147
0.0006097482301160157
0.0009640978436947318
0.0004678200211847005
0.0004373139326351969
0.0002306953161160744
0.0008467998332581808
0.0011103488451686954
0.0016594796491009882
0.0022461785559015433
0.002192944294581949
0.0009286897565803793
0.0008028105525889629
0.0007941965339764644
0.001180300006140706
0.0013947874189216749
0.0023733496286172575
0.00028227191060653317
0.00026820990554650735
0.0014938196317064152
0.001671954641522099
0.00024502174769931283
0.0005593566083742625
0.00031657332597814216
0.0018456854758533564
0.0009314147181186411
0.0008234916388758614
0.005296105485647378
0.0022580822170240704
0.003419148650920605
0.0002775927120859467
0.0007736993409604039
0.0002080490520757386
0.0010604580975175342
0.0031521685979397284
0.0020143163704972353
0.0005039625649213957
0.0024074289769984185
0.00029795931557092967
0.00028091517203352676
0.0005372976084973473
0.0009858319360214493
0.0005490379655546947
4.275801295707582e-05
0.0029750436139325573
0.0018021779240347032
0.00041888275917974856
0.0014277937418705625
0.00015839595446717427
9.254817625200406e-05
0.0012697037332854567
0.00010300983002234856
0.0006326601157911361
0.0004942518914974747
0.0010080534363535788
0.0011316028689603134
5.009905272577876e-05
0.000369240944984476
0.000774466818292902
0.003072848682851773
0.0002461602127718614
0.0025040218566169865
0.00046596602448231977
7.729319436128478e-05
0.0007333138603720206
0.001691093857354829
0.0025962677175226487
0.0005017978792631453
0.0013766465570617613
0.00040313254912802273
0.0031531497760397213
0.0009782474890878063
0.002191349022505277
6.68775024207466e-05
0.0006618081577575629
0.0004356934085621366
0.0011640799802389134
0.00037452384081956727
0.00023872292727118794
0.0011344106816884535
0.0026272215628065274
0.0007393989992434538
0.00023588599767885906
0.001201645919704633
0.0007967841267520968
0.0008410220572236562
0.0050860201947307395
0.0002038088236270563
0.0004685780365650365
0.00202997049091823
0.0005029445687837171
0.0014346018350710438
0.0015341195457692443
0.0004931342076860863
0.0007633998987225341
0.0006405384649113933
6.596239982741601e-05
0.001691937205813882
0.0008480399255772031
0.00014717860507209023
3.6707801571633246e-05
0.0017814987083380662
0.0003808611808538688
0.0001702360930749626
6.30239564588395e-05
0.0006198100402961382
0.0001909054289546496
5.428288286351412e-05
0.000950501650865941
0.00028308242805336796
0.000880976398544659
0.0018316165359413927
0.00269627246949988
0.0009300384961179575
0.000590103707296993
0.00012554837784560307
0.0013490056876932822
0.00034077945622140797
0.00043007409072150574
0.004743822934314185
0.00022574948273621715
0.001789287817324685
0.00024773580916917796
0.0012969513442943439
0.0004990503741640397
0.000286945568442128
0.000414728003806448
4.2545220851421955e-05
8.210140451036827e-05
0.0013177127686583997
0.0010916231539607837
0.002353648849364563
0.002045959776117816
0.00244644766070655
0.00027327750543838455
0.0006857309779242088
0.0019360290831470755
0.0028987731093844454
0.0014457636606529187
0.00026824605614199777
0.0003497842605369843
0.0005284747488582497
0.001823616384159759
0.0008482015975176359
0.00032529242735447345
0.0011408657723264428
0.0014658447094666668
9.944843016931633e-05
0.00040914010036701825
0.0003889023179331268
0.0010330179435509518
0.0015651272894546147
0.00011429035087603776
0.0018297929622889781
0.0003995764292360955
0.0011331760765181352
0.000582858844577412
0.0010287663042696195
0.0004599638971914619
0.00023391317074919913
0.0015330594116206354
0.0015957203145264317
0.0005147757675549455
0.0003847178232306957
0.0012448497909358595
0.0018170918940696446
0.000541429641764504
0.0008660286825546957
0.0009543098281508209
0.00732030439786599
0.001384941847312462
0.0030993024510289
0.0003906722532587687
0.002844735230043016
0.0030508201041780417
0.00026666271623183315
0.001823774981699592
0.00021109070542602991
0.000921942767567533
0.0003951381171682719
0.0013691355366548994
0.0005278585560586626
0.0016594622403230507
0.000875989832587001
0.00011942663258396254
0.0015646243174376967
0.0012491109303030534
0.0013362588286315123
0.00022480855871241792
0.0009591072865869254
0.001754881721357037
0.0016830665748961062
0.00017915414285891418
0.00016309813850752094
0.0015521433730213332
0.00016613435326601986
0.0001398826658011022
0.0019537679639858095
0.0012836145096956446
0.0021286860100269275
8.865354478324368e-05
0.00031305415094241975
0.001339996017995971
0.001416394219042926
0.0007396396331407495
0.00036800682600448767
0.0006423288113660562
0.0030019861698679425
0.0038366754024338223
0.0004310827654126085
0.00031199934356176924
0.0006147304051465202
2.861011063983241e-05
7.728640049542363e-05
0.000690746629855849
0.0009725396826232443
0.00038056916404721297
0.00025676379801322627
0.00040866838467004424
0.000781838041973317
0.0006646297493290022
0.0002605203114540301
0.0017719381669348896
0.0010118694096734665
0.00015623381120671306
0.0021175641421807283
0.0011648617669171998
0.0010858592575632986
0.0015046695868385141
3.2214380998069937e-06
0.0006659766396298254
5.075057453447469e-05
0.00039435492449467734
0.0013758785694280304
0.00038099377120942053
0.008730444736673811
0.0031177060390861545
2.519412325050651e-05
0.0003330299278221178
0.0002536397663231915
0.0016668760498117366
0.00010723309643191952
9.279875881327202e-05
8.60495181878615e-05
0.00014137643665376886
0.0009170800361427669
0.0003510721328825366
0.0009632762368328628
0.00013554202883111417
0.00034204277265258116
0.0005516284861933773
0.002583091437493728
0.00021960116504054163
0.0007282428670220897
0.001277420597767509
0.002547665293233475
1.1840115713309023e-05
0.0025408605821227643
0.0023822646081150816
0.0002909327592514229
0.000657795906548289
0.001727154410982547
0.004839623088986704
0.00016722977899585444
0.00016076433333617584
0.0005564938078058026
0.0007961173679928381
0.00294473894772687
0.0004278314379050586
0.0007001897696902084
0.000652824398039013
0.0008051136461949828
0.0010105089798438998
0.00020873076098669306
0.0027691223238661337
0.00045949678423214563
0.0011697778791788388
0.0010109679562629547
0.002363333198166076
0.0007319327773070068
0.0002254991000057762
0.0009733368101435322
0.0010246698231599228
0.0010918462340120672
0.00016893777139629363
0.0006687403475107789
0.0008562854297368746
0.0009039780173160888
0.0006875908759281014
0.0012654629856414196
0.001942418249882899
0.0045416039723195625
0.000543918185111612
0.0007181713615234056
0.0007842343426928205
0.0009552171874107412
0.0003499031166765006
0.0003934181940515756
0.000687207488748862
4.195638890632697e-05
0.0019908427932344695
0.0004935582858452126
0.0009392926753390786
6.126269891335389e-05
0.00046674463625869113
8.064148666571725e-05
0.0015897067046261575
0.0006584462690049707
0.0005080458697244898
0.0003415427231569228
0.0009756123253953597
0.00271921980506871
0.0006169514761035343
0.0013020167344643212
0.000272088444665959
0.001066478600712296
0.0005179641304997302
0.0011456253082561562
0.0007266034491490314
0.0006183978794359759
0.0029379572215681576
0.001057886483722305
0.0003091032982786255
0.0017160105820786566
0.0029656669104967267
0.0010249956576525619
0.0016500147169378383
9.774770874443452e-05
0.001778229595380176
0.0025298529599516338
2.6808289555646097e-05
0.00027992586802554233
5.821437812252449e-05
0.0007658298511996436
0.0016570239717324025
0.00027333858765169193
1.0410998970932194e-05
0.00237194664625746
0.00047892719798601493
1.7958586381724088e-05
0.0006430364844958548
3.963712255468119e-06
0.00037233826303485334
0.002565197543915376
5.9892406192996964e-05
0.001066678310867207
0.001611015812049736
0.0014057629889736008
0.001743651557474269
0.0021023591419538357
0.0015437055839672509
4.36808644713588e-05
0.003345545514946125
0.00024217494209436482
0.0012440506674500623
0.0012605571352062844
0.0012228825694785032
1.4048119042555264e-05
0.0008949112357444336
0.002328808004260256
2.624441413116766e-05
5.767290702826301e-05
0.000657656170966525
0.0024534117114044128
0.0002596683978214468
0.0013436942147883062
0.003666998337741317
0.0010513116518700068
0.0014189094356325024
0.0012697968615582767
0.0004775041871356219
0.00040652385189679735
0.0001875164996494159
0.0006710843497923654
0.00036931518473763973
0.0003846593190676469
8.916181452009222e-05
0.00021028202176575882
0.00236742676528178
0.0016115958265391906
0.00037849694769806697
1.9495741039803206e-05
0.0002864175018242518
0.0007237527525584119
0.0007933066393782113
0.001175982479759695
4.946855302771632e-05
0.003085458757387335
0.0017640549992090464
0.00015117277580294357
0.0005527045066734135
3.3191451025847415e-05
0.0006053288397089261
0.0011930738569617026
0.0017484626343221678
0.0006971448168767458
0.0019247589463234948
0.0018869073739775177
0.0003477946914835667
0.001046756479484416
0.0008810690449208837
0.0002949273519590093
0.00010806299561852771
0.0005435606430870881
0.0013087384585674339
0.0016973997844453663
0.0018690278565867732
0.000912545097932526
9.264923355378443e-05
0.0013008521397871885
2.9304794620450714e-05
0.00015659906087998912
0.0009528533271903222
0.0021065760053267887
0.0032141538780035128
0.00155431291901715
0.0012997085207590846
0.00504943543967877
0.00026218941702851845
0.0006625339524519281
4.701858134962506e-05
0.0007851648474324921
6.29636087308584e-07
0.0016292596141560074
6.615500705887221e-05
0.0003489727582117058
0.0018571861460368645
0.0013003620423696846
0.00040839588253745055
0.0012722023263953997
0.0009755903380510166
0.0005324382256580484
0.001733772257322233
0.00014627052062101352
0.0001652819969378977
0.0012553720998438552
0.0014271912953837005
0.000494228506890425
0.00021737287450814986
0.0022352934485730235
0.0015023485060525912
0.0015891911310038803
0.00045466009869118854
0.00026359834661745125
0.001010963669248966
4.691017489392669e-05
0.0005725958811061429
0.0004506150263986178
0.00030673750167262566
0.0007161870661609929
0.00026985271199528126
0.0005557829592047992
0.0001594665977346563
0.002070530429409263
0.001275671716181845
0.004017753586291799
0.00013376197574990317
0.00030990099521109376
0.004032402599370471
0.00039193755359776856
0.0012195428065233211
0.0020060523928811303
0.00269256723630013
0.0007998826590190827
0.00010803557045048655
0.002500941697415952
0.0009309074003993112
0.0002087378282685199
0.0005609993714345684
0.002433276105632464
0.0008712142272112956
0.0008995742063150493
0.0006403412517444362
0.001046669407312998
0.00035709211083714685
0.001349969940717961
0.00027448725612260795
0.0018791978881292873
0.0004762111554457667
0.0003584633031318752
0.00041736593469152665
0.0019867545574529257
0.0017590055063592678
0.0012930607702372836
0.0032815897072993065
0.0019014982763332086
0.000778579752301183
0.0002993548922107368
0.0020416086030502606
0.00043772234864373507
0.0006225775303844639
0.0013833362378561332
0.0019263097335988466
0.000974773418635865
0.0007684435632560367
0.0011030295463532026
0.0019920949655223494
0.00018253609734940438
0.00032787791808102686
0.0057802905995829115
0.00022338758542170907
0.0003737190163854186
0.0001765130800423542
0.0009893731947312784
0.0003863821277547047
0.002869197128125304
0.0003766401623194378
0.0008165697364169489
0.0008277086406230448
0.0007679386569210429
0.00013039395119088433
0.003812320881586311
0.0016486296206054672
0.0006659298706741992
0.0008136859150274818
0.0005392914484842197
0.0008959544697009289
0.000330822626137407
0.003177984784167323
0.0015271680402009578
0.0004618917590140076
0.0005073796989019265
0.0002665025637790071
0.0009428449863896335
0.0005962696031449335
0.0021722821120935504
0.0008087144999220513
0.0008505671103251842
0.0012065147640982652
0.0007436529997057642
0.000550404918707932
1.4929944394355898e-07
0.0005456496916058373
0.0017856467218339818
4.241147152319412e-05
0.001131268280423213
0.0005726473780684641
0.000931513731958383
2.2346583641252355e-05
0.00039948733955695966
0.0008814358242711195
0.0017566910270244093
0.0011997400171385975
0.00014561138675272568
0.0006229268708418579
0.0006642154432020265
0.00044334396198150163
0.0007594438676756378
0.0013585173588698688
0.00017095923115151445
0.0016548610980907498
0.0005438997445301333
0.00022093889037846934
0.0032811356607397916
0.003644341586638503
0.0011808772149001531
0.003044248117429865
0.0022770648279219477
0.0008557725155876571
0.00019052797564249267
0.0017810362820781655
0.000392429350479727
0.0009040405699128872
0.0010456892354620143
0.0006961718401474969
0.0009194426511612836
0.0008276376700851123
4.0492247652257545e-05
2.796365266551726e-05
0.00017302154580393355
0.0006199012023315417
0.00018721274445493294
0.00040824511943025513
0.0006036824755493342
0.0002914289089188455
4.2372902667473305e-06
0.003824495103636412
0.00031283613476751565
0.00038726856467438935
0.0003254975764102746
0.0007525014727494909
0.00013075771523752538
0.00020094452155844044
0.00015843572477245178
0.0002760827584838053
0.0006170808148762984
0.0019402217355577748
0.0007375115087372015
0.0024235802115822546
0.0009903694387620706
0.0027496685622775204
0.0011543879459317001
0.0006465790618021993
0.00024815871885285604
0.00012082257255249623
1.1637590351863527e-05
0.00225515101766257
2.694068707043946e-05
0.0012671148204442997
0.00039219385097571426
0.0007871384310571712
0.00024219935097873722
2.4288185106350517e-05
0.0002556116755538837
0.0009357224493361729
0.0007241388448671917
0.0007168181605483376
0.0003397674149493315
0.00010387665262452908
0.0012865723309085058
0.0004098867247215966
0.00016157713026437358
0.00048206300804381146
0.0003419423713025742
5.793249237462979e-06
0.000780890772926745
0.0014335257775739186
3.102226182918257e-06
0.00044411604203022814
0.0014694867455065388
0.00319675515876919
0.001209438799026019
0.0008082674859999525
0.002377900679660854
0.001160523627200368
0.0007332257871508887
0.0003798585733489723
4.791702580530802e-05
0.0013870204650026862
2.7232111660303594e-06
0.0007925574068099976
6.612506330505688e-05
0.003097394955427624
0.00025668328107558
0.0022939099885034607
0.003189766207874656
0.00012205496520416649
0.0007450956181470435
0.0008459305968225081
0.0016497505777315973
0.0008551656128399789
0.0012640560676859668
0.001171112314984406
1.3868542433480132e-05
1.681066895528633e-05
3.714400344646073e-05
0.002169747874954422
0.0003688758929169656
0.0012207626933750828
0.0005847299511851596
0.0037776841526811146
0.0009965978867873487
0.0012508968586444054
0.00019158271185147334
0.002642198212960675
0.0012745880202964096
0.002735539709911665
7.977121080106114e-05
0.0017573680820029628
0.0003286121976519613
0.003437431862566321
0.00013181287713535193
0.0015354902426893808
0.00021958007418952712
0.0026413451226309486
0.00047324878688625137
2.8321486998552418e-05
5.2680474121836034e-05
0.00043756683274262097
5.075875948950375e-05
