10
0.002323447681758529 0.004920531636304333
0.021312037676712355 0.006930762805011001
0.003853682477776076 0.005340723772083886
0.023268333574731796 0.018913530742306985
0.0010888544323589212 0.01797814247537127
-0.013632148210730742 -0.008811752703842655
0.00550808399091894 0.004936646106944333
0.004453127605554279 -0.0013708191601274416
-0.0010969213300815342 -0.0012474057047681332
0.040074364188350683 0.013210164962529945
-0.020087643230253978 0.00583064997994072
-0.009911626405628912 -0.04038294125855297
-0.014573076022345678 -0.016951586558024062
-0.0060110999106795186 -0.023310893330760456
0.0043641067988723576 -0.034610360766244234
0.009780710100642413 -0.010573673678047563
-0.0010476343972135615 -0.005962895534625597
-0.025163680197179596 0.02324595617988041
0.006539980786292948 -0.000982117369948972
-0.015355382214865123 0.014740655537774771
-0.037985850138724485 0.03543464109522174
-0.014488911651918157 0.006582398702577249
0.0075315959730875215 0.017404430285651192
0.007338339735226351 -0.012034540955549941
0.008440387417943498 -0.024220434379135323
-0.02185164978932932 0.025178204393177767
0.03599185218658586 -0.0022148461383752305
-0.04732070528202282 0.028137497864032527
0.03739870134078392 0.002792772793341657
0.01489441967076719 -0.0014017126017212916
-0.006876970415577818 -0.001652830305564648
0.023565923479125284 0.006690599826743083
0.02057129990931183 0.01592760408286379
-0.030969328221330732 -0.032410917481087924
-0.009212617508175293 -0.043190996189425436
0.016722969526739604 0.030937885705010652
-0.00021041928979994838 0.009311195117562539
-0.01754544313797391 0.003498796483729875
0.0007379748424094103 -0.00655595444686124
0.015207717003652215 -0.025008847326468766
0.029721284395326286 -0.014763356674533611
-0.00022848509687177507 -0.0029121239996363416
-0.006848871070981129 0.037941911377848164
0.023440578213028106 0.006392249121374215
-0.005590251867914985 0.011134652380861247
0.029070399843371352 0.015282892318946998
-0.0003217375213393547 -0.015751543898651875
0.032682348462687374 0.030150232505740022
0.00995561494428366 0.03224008914119646
-0.005199043126952749 -0.0036366450732671523
-0.011678837963304886 -0.010132657260430345
-0.020200278492333947 -0.003505552114275428
0.028590186314767833 0.014961906398304229
-0.003355541862662556 -0.0071539187227344795
0.01390669579830645 0.023719735515391447
0.003424494576229667 0.033207411669413524
0.014718450597947606 0.007716757177644826
-0.01692379534836522 0.020987736322590652
0.006039185789421109 -0.013565214791344827
-0.02624822659406412 0.04118672497539197
-0.008895962118725549 -0.03153366861347153
-0.0005495159652397794 -0.018000732268072913
0.017139287863063388 -0.0008510260380364757
0.005988420416780391 0.004725297351086036
0.0207352887882856 -0.013026369093942483
0.0216322272999801 -0.0275547936462769
-0.009511380202616727 0.043042002206181366
-0.008616453011460494 0.003951155914431363
0.02466437344944511 -0.046091960198579585
0.004663485504600482 0.0037143230799868516
0.02277879923501333 -0.004704092327004676
0.011406699228877512 0.011126660841506
-0.018995273318247817 -0.018186857203234225
0.005239163785648978 0.0016454137231012504
-0.02090563737465357 0.019362127479580188
-0.019978007622610316 -0.024321329617034204
0.011783804321170611 0.00816854910765718
0.012933972393324833 -0.013290904263167503
0.024355510085308986 0.009809824130595963
0.007798968870334249 -0.043745125028378316
-0.010883773052767049 -0.03516218752277875
-0.006273372316462703 0.04771779941516698
-0.0070289077929295415 -0.014198489258265695
-0.0031454050980899576 0.031223975193609046
-0.0027420727255091392 0.02042385762429651
-0.021076764239346145 -0.0018075213594340952
-0.010406926693570526 -0.002377595069107123
0.008085228138421415 -0.023639467620579478
0.04308551297550755 -0.04647019590937057
0.037545335520418784 0.03561920102502758
0.003226657510023878 -0.03628547733648756
0.0032287953726671003 -0.013458479708472287
-0.02951773797628798 -0.008572815684980884
0.005056414363397011 -0.015853340706015333
-0.0014530337522572728 0.014988914732117187
-0.02584128995948463 -0.012835586105804262
-0.006431075704641871 -0.013899475385982874
-0.0008353711696886648 0.024810563127077207
-0.024251895232577078 -0.01805727826312385
-0.011718030366489 -0.009587587436769374
-0.019788912252077975 0.007042238898348806
-0.014054653285764876 0.04003735789169433
-0.03412195572689974 -0.013512171606262854
0.04352106085966241 -0.003358868552556474
0.012512560527185062 -0.013990268094430687
0.020338198218175823 0.0006736878778816381
-0.02218773332335019 0.0008090704204619543
0.005460718129008809 -0.002030448467617671
0.0248437592967454 -0.010227885408833546
-0.007487963378289723 0.005497840675764193
-0.004561395062916247 -0.007966833538902669
-0.02830473974225886 0.016037595460366344
0.006018781445431615 0.027947636003363568
0.00862102842395107 0.03389138120646145
-0.0002548474394036389 -0.007970298740612324
-0.030671796134406817 -0.033638818669534144
0.003151675317595485 0.01079644506196319
-0.004103848476646353 -0.015669299506362915
0.010149164226510866 0.042827321341236575
0.011790654014780303 -0.00833351617927818
0.0034399736491586164 -0.004642580796665557
-0.04381468545065383 -0.01349803171248939
0.032306253555295254 -0.012840052559328453
-0.0022326211882862067 -0.018877321467929538
0.01136155447050442 -0.007710868700271878
0.009851061312507412 8.810573095497291e-05
0.02234049691917718 0.031137849133525016
0.04432220255319386 -0.005081333171886152
-0.001272414739899056 0.002823117646122973
0.013959373962942976 -0.033464186175031975
0.014128121364006948 -0.003896951901608964
-0.011211779513562737 0.008019685724825441
-0.000855835652193578 0.01689327875445222
-0.024097132738584427 -0.010164914423075986
-0.01003830531725478 -0.003756391637493919
0.007247890177147896 -0.0006025277672262783
0.0005918706012465661 0.0032494436565958774
0.006733663894536072 0.0025033993436477074
-0.007268759044592141 -0.009670868382231638
-0.0118994477186649 -0.009412131373365464
-0.0017245420656000327 0.011684342793948737
0.014144921313441739 0.03594382394613041
0.022244711869497117 -0.00659553274368881
0.027877414990579774 0.01038914101770314
0.006974231271688773 0.04090450184527031
-0.01298417752626674 -0.026628311525958397
-0.010404078822228569 -0.0015662455773561513
-0.010804517212559712 -0.004008606309451655
-0.01340807722589042 0.0011964798627047048
-0.03809689556744695 0.023973696573823162
-0.015969425967982745 0.015546814353320377
0.0031369396500324186 -0.022517378337355787
0.04746207143645642 0.013538884967509924
0.02075436190308247 -0.015569495262340633
0.002442736732786651 -0.018986371658163373
-0.007058242810450469 -0.001213665988206387
0.016346265061343585 0.010596148311710577
-0.02065862453265063 -0.0036976689843456157
0.03258884620389818 -0.011348658589931889
0.0019258505159454732 0.003421647392151748
0.013928103034258574 0.013781505513348153
-0.05009208561857884 -0.005986232641007289
-0.018455425272764104 -0.03740022942763685
-0.041989056103429 -0.026492703268679134
0.02478299519461614 -0.02324090735807881
-0.03859485041518356 -0.03638838381974148
-0.025003763610177577 -0.02256281985821913
-0.022126884090550584 0.002193438049394425
0.014561471500395662 -0.0220144828576775
-0.02823362919701391 0.006749326050330715
0.02785665992438274 0.010084163169574256
0.01161935758218983 -0.015432612798624231
0.003871624131297814 0.016292216071743047
-0.012038805175842299 -0.00976233079809439
-0.014956838456166468 -0.02484000234704171
0.02583766578171938 -0.018279559511509173
0.011649609437651065 0.01581534505477387
0.011767465085389643 0.03907143965381405
0.0270778423394494 -0.007166673049186779
-0.015361949963375424 0.01101685642981506
0.005740030556813179 -0.0017468845231827905
0.020860231469463333 -0.03201027270356411
-0.014692633031965907 0.031900337940021305
0.02318324690065554 0.003332699659877696
0.02443561093022392 -0.035720156522029166
0.0003657713292948399 0.01146967373425218
-0.02048951276518207 -0.004140843007489099
0.017877182771849694 -0.023211441380738152
-0.011069339800737495 -0.004303931536120828
-0.00595440452143873 0.02035417721247664
-0.005467846971652889 -0.010967417190062785
-0.005378367354813274 0.0025291148522765382
0.0005647360010728734 -0.005339558070590283
0.009842874994691131 0.0166659309061245
0.04977807617143682 0.02302168087480174
-0.011727754376693007 -0.034792749253131416
0.005362172266586082 0.005437130046242839
-0.002341203568062305 -0.022937065873105254
-0.01599405720579177 0.07137530785411415
0.003014812964796345 0.027923090965812872
-0.030288902979603873 0.006068406696438741
0.0014466597712004326 0.0336240008186889
-0.020178108855151845 -0.01696061664773033
0.03274835086285355 0.038087284805359056
-0.004400819818079767 0.04573729664051032
-0.017111062880454768 -0.009810564582224698
-0.016333504017631093 -0.02335132349180085
-0.014112699090775692 -0.00238803980624533
-0.004418219499542872 -0.01083741900647772
-0.002426529483157065 -0.0028894324899232313
0.006768182808784158 -0.005225497959787621
0.011483813657314722 0.006843946977204984
0.00841415430900133 -0.03411419772587039
-0.0178871727585596 -0.03082725593814377
0.014171833903720848 0.024474800137612326
0.006901034056836184 -0.008089522981187612
-0.014466398466460587 -0.005791033566593943
-0.018145992518119398 0.024265483641535118
-0.028951938108233675 -0.023665421581659893
0.004166562035219892 -0.03233097879254641
0.024493095284704544 0.010696766893267937
-0.036750100848231486 0.020706406427760105
0.013011229195484796 -0.00029161555192645637
-0.012623442497165191 0.03178934724614187
-0.01668836581777959 0.009397608317245119
-0.021676859853855895 0.021638428491335897
-0.010123071602579182 -0.015951058564850108
-0.003826041709899996 -0.003457806344904044
-0.033943614164797874 -0.04076277973651142
-0.04222176072495995 -0.03523274894047038
-0.008914715670925218 -0.003264089052802908
-0.026065284744273148 -0.003797034476523609
0.028965839881159333 -0.01867099769063309
-0.0004277016462827778 0.01183673894467255
0.0004884322153667735 -0.03379247071607396
0.0030661725776736683 -0.050865854613225965
0.0016047332096479417 0.020043821383044794
-0.001528819061766207 -0.025023148992556112
0.02005989786127381 -0.00830936469783741
-0.008740895322991417 0.007926702907527209
0.035696062286208266 -0.009138574021013033
-0.024829233653512015 0.007324340455270475
-0.028183964755765758 0.020054381735010438
0.0306048196609528 -0.04747525269834161
0.008982376021129558 0.003878834283295213
-0.0357319527537543 -0.012261662772466667
-0.01610964303951212 -0.014281777770947517
-0.006389208685468239 -0.03548998484127425
0.029212172862610766 -0.00032754849596873894
-0.03528017349488881 -0.0034637412687552158
-0.012721020213381425 0.007417976064715346
-0.01957800311066094 -0.0426964616807041
0.004977194187785847 -0.026132104645164432
0.0027801871417194946 -0.023214611463130787
0.02422724665018241 -0.005809196448350195
-0.025634383958826716 0.016586238733425244
0.04353588101564438 -0.021923400578579055
-0.02920337656767055 0.01797951530656198
-0.016631912396502507 -0.011970369734923957
-0.015106401947770427 -0.019996013958539154
-0.009514986772138329 -0.03272110230668759
-0.011763084978252491 -0.01891996337582451
-0.011825004078143934 0.005012597483494283
0.014706289272220672 -0.009081958733677517
0.004652981815632915 -0.017864512228925024
-0.0026537665465106905 0.027457440234618605
0.002312951961444732 -0.014154258070573196
0.013859453358516778 0.03139087873664631
-0.03319231192876318 -0.028869648952113806
-0.0210425258620773 -0.000925784094992016
0.016808570667250538 -0.0353665953401921
-0.02026090572506135 0.004719478424959116
0.013369816472111544 0.021697258925052084
0.005578033863912278 -0.018304722800739606
-0.0004301237138700618 0.00875147086476385
0.027356390383574184 -0.0048552149081243345
-0.006212941977439597 0.012755487794533029
-0.0013145301088301495 0.0051874627180784755
-0.01225795002531515 -0.006943564230354297
-0.002581575331072476 0.006264937267152346
-0.01407095340263924 -0.008195787051269611
-0.009983888535557914 -0.0012395979729972488
-0.02126059222458271 0.02473488673664773
-0.010682361750120009 -0.005424345865248743
0.0169429276723024 -0.006797708510515455
-0.02774223093253536 0.038148283759429705
0.01999184225437853 0.04555284859993219
0.033445612264181024 0.02248454881421715
-0.024000151938699057 0.015737031696585753
0.0165687834676986 -0.04546379363350671
0.003708167724968548 0.049628681850400765
0.05798327259493197 -0.03249888982867606
-0.0008693814713631909 0.019306722397088135
-0.02358065312419646 -0.01699816069784284
-0.026384215610614305 0.03455584191243883
0.01999973482087472 -0.03902915252864112
0.055132835311064825 -0.005900169075258843
0.012732279688148024 0.0044698015253123715
0.035765892442502584 0.007939947363144878
0.01095229404072377 -0.015555651720428514
0.030413116208690333 -0.0012694572337228426
-0.028251655880322357 -0.00035135847211207515
-0.0007890961563971075 0.044710756967502915
0.0012562472153640671 0.036684531614762886
0.0011528296849385897 -0.010927661284603428
-0.028335836371026133 -0.03672167238433827
-0.026579371067705873 0.01769914768194418
0.030576141561806637 -3.404693384416689e-05
-0.012054856492922237 0.03762094267459427
0.015452487947856126 -0.010074897330992793
0.02802085697165343 0.013276746437960455
0.011926984912552513 0.020173942683375638
0.00905269211725169 -0.007544384464343735
0.01148669382872808 0.020006105973438458
0.0483740016146582 0.014089312272045967
-0.025276694749341296 -0.0008125205962917768
-0.009523014824535672 -0.003434069799878952
-0.03837334541418148 -0.015696038663140625
0.00953998495236188 0.01673846919707226
0.001272166796340318 0.04029940121625457
0.01454662453998617 0.015492892533120686
0.004805812223333215 -0.0075294136949404
-0.011860040073779072 -0.013996176777733573
-0.017426931599861476 -0.008943814949573912
0.0050641838850397644 0.011928135627467171
0.0036767042744651323 0.03398635699762362
0.02552057808348455 0.006835971073316608
-0.029997977486143433 -0.00040103384255025
0.003589111147603569 0.015504295279188405
0.005109699468170805 -0.0036876899866432264
0.007704845905203125 0.020227586205018064
-0.01961195653096545 -0.06619449480777705
0.007720634076825501 -0.020697406763828047
-0.0024460978738053067 -0.0010776142145930774
-0.008491384082206021 -0.02632318588517734
0.007293666298395354 0.029011737577570564
-0.0346710736381361 -0.018564108784010082
0.02680816313992625 -0.002091324720484421
0.012630284921059949 -0.041024685741256416
-0.005825809804928105 0.028686059399305002
-0.008892324811354164 -0.0152015020892814
0.009275207706193398 -0.015904678355723418
-0.0065294367973171095 0.018934365387281486
-0.005927508544692185 0.011123627499605519
0.006253828380710989 -0.03410602910301707
0.011110802771476896 0.019032721813353318
0.00042497769291716656 -0.02986344777599736
-0.006270804035798735 0.003909637786160269
0.000514172487073017 -0.017496504939765706
-0.012115265724547587 0.02234446214858591
-0.015643471905328766 0.040688136450852536
0.012225098669927888 -0.024650029077070465
-0.018953295648918258 0.04811580870887617
0.011970108312254686 -0.010869816505552318
-0.04385750141421544 -0.008521354680944847
-0.02084439752233533 0.018323757926908494
-0.02340782217784196 -0.08788067200528629
0.0006496766064793895 -0.015183937411780993
-0.005508376356416495 -0.008374407900859408
-0.018462543077109324 0.0020148404577550695
-0.0299527936463663 0.003637027891248646
-0.008546082312612266 -0.005049185418365291
0.03797225658471164 -0.018813493567431266
0.03250957766532016 -0.004265345214309575
-0.012203994178662131 0.0034955048631766113
-0.007319396833752226 0.06724906410044858
-0.03455736688218711 -0.027393590146429708
0.021214186517592 -0.03789039481028919
0.017152746915691037 -0.024113867609262634
-0.02070903613345743 -0.03647993626735015
-0.025127814650044083 -0.00518340343216729
0.017778959145887355 -0.013009274768470696
0.0067787959494169815 -0.002583881690709849
-0.038531650401684894 -0.04518615063916246
-0.010732615456525017 -0.018957535555554066
-0.005801628494231258 -0.002366383677298444
-0.022509818181826985 0.005740386638369598
0.011678802070277097 0.02595304695467541
0.013750912629248836 0.017983810474002684
-0.018194554656830796 0.026698562871452614
-0.020117867985697636 0.033007309096734314
0.015098696437905238 -0.026433425025289694
0.0031119335050829827 0.001888341037372545
0.037932902089932156 0.01740368625274746
-0.010212789649312104 -0.018789180355797335
0.004719419443632895 0.008278985975001844
0.022796331816489608 -0.012290441357732657
-0.014154320792279004 0.007800684865840093
0.013139375944921667 -0.013072753160631863
-0.017197025313172846 0.0271139735913019
0.014114711495996345 -0.025419925100415335
0.015805166888210456 0.00528891462569805
-0.0050887825577103606 0.0030161432920073226
-0.02090896564191805 -0.014630456705598819
-0.03761667364823545 -0.00173030656879853
0.022547317056125157 -0.0023016927941776526
0.00827084169256598 -0.009478444600634586
-0.00022445855780495882 0.018881734460282965
-0.017157690220638507 0.0022607405215312485
0.03654737514755054 -0.004810278521853028
0.00422120353956044 -0.018539929759276465
0.005163205405462023 0.0025828944536357154
-0.042496427539850695 0.013232428609454817
-0.0012300016175301348 -0.005182722186926518
-0.006459581130207959 0.010678368425053519
0.02303081936178875 0.0068995996375489635
0.008038107859185826 0.0061435819337061544
0.006375173062700451 0.017352125396293664
-0.017753817689673806 0.012483302076791799
-0.023034070714674882 0.01645127690440317
0.03102462292716852 -0.04017173407268419
0.008363742101531195 -0.00806524879173751
-0.01121899392781794 -0.012721136225993326
0.008220795344437204 0.01237123600970705
-0.03766574045615415 0.02957938910699291
-0.002289484938420934 -0.029930428107752746
0.036051717230068656 0.012362346212420378
-0.02508490824987016 -0.02427416148587163
-0.024450533702771518 -0.033773534481351036
0.028241322976148127 0.03420720856370488
-0.037812095216387794 0.030017708464035394
0.02643829857923315 -0.025099970713835688
0.008386311805957124 -0.058939606758096064
-0.019242542533682398 -0.0052927801306433
-0.039330250184474724 0.01758742138104459
-0.022498057238268063 0.027005313220244697
0.010432424671529586 -0.02174783285854235
0.025566871999769508 -0.000501308113707458
-0.00836927139162988 0.00798421446127967
-0.03052581995164681 0.01864627888254824
-0.01636901118623722 0.004595458070092515
-0.0033528394038560426 0.031179138903574675
0.013107785299268086 -0.007322663495379457
-0.02500630279884538 -0.06829654553318383
0.026400684429448994 0.0041291577081736495
0.013471270869670572 0.01717446817984407
-0.016769300575045512 0.016160437001678556
0.004007959557962777 0.021683371842133876
-0.025266594586093066 0.01996434447655299
-0.031225631369067412 -0.011602390826803298
0.011144503230804952 0.0019702638867205267
0.00760823557356412 -0.006451432768396942
0.01488227063862905 0.00894385521734204
0.027266828081850276 -0.0007584470416293276
-0.03602375460372176 0.02275119010928132
0.017631760109131752 -0.03331975788680572
0.027135482654919496 0.006527457378464219
-0.01341615893004483 -0.00037522832350457303
0.006403237603694797 0.0015944958606915877
0.011582501063315516 -0.007154069852642609
-0.024591156814046004 -0.021302783720970338
-0.009447092002283821 0.011424459732087056
0.00475103274863333 0.030549235249374255
-0.007859219477229873 -0.025481717636366922
0.029280527815188927 0.013106246479478514
-0.03439317913367385 -0.015611459904476403
0.003124499550896984 -0.01682166034317275
-0.005272521323229009 0.024628884092369522
0.05052354738299433 -0.0001228901128143133
-0.005970977467805721 -0.029040630729299154
0.0004082284047280066 0.019976030066979022
0.02222001359128854 -0.013364472937337266
-0.01028096597589721 -0.016862133130771687
0.008424352180085453 0.03558267903141658
-0.015491982836627567 0.006911993534739658
-0.0015066030031341416 -0.007785172556736904
-0.01759335278161953 0.02023756293452629
0.010043601146333878 0.02513584476046563
-0.013361068412196192 -0.019828025535862243
-0.026116591634932212 -0.017219958689599944
-0.02613629195524012 -0.007812165619095965
0.01668335911541172 -0.011247730701931307
0.014536149981884402 -0.03849433239788964
-0.00042978550691981056 -0.04396889116472963
0.03446178562486615 -0.027267812512247278
0.0020561715696428336 -0.035637504745394094
0.03626861131401449 0.06368103858017665
-0.021257953799064283 -0.01035683946814794
0.0019531163135298299 -0.04085742590784749
0.01313688286065719 -0.011126339527883732
0.05921595926087954 0.013720066499483003
0.0025825573596201788 0.04010969073473789
0.025387034822441402 -0.00284906762413013
-0.01556904074867702 0.015247213773253006
0.012777346722398877 0.07606542413017055
0.00924226451003075 0.07943463108306183
-0.014736961144866811 0.010217367592447122
0.046852528566568054 0.026079372631375223
0.002338400262148441 0.008992973002126488
0.02366735599147735 -0.011596045752517195
-0.010020272061557372 0.00969694716829712
-0.0005513751032255651 0.0009199892157556381
-0.026018921615795845 -0.00048213493495825253
0.015654201695719627 -0.002429629209075602
-0.015100745691386926 0.01704130249176875
-0.004104479418913009 0.015177718480917148
-0.05103504252491544 -0.018414017277041467
-0.0032161700894028896 0.02041015117249147
-0.013707334459972279 -0.030340578177110496
0.027124972538271484 -0.03929154650492031
0.04462590151110292 0.005265204749592998
-0.010250936440653896 0.019458842965796412
0.009335327533612615 -0.0017105623985723545
-0.023274638951378917 0.02297459849747167
0.00697012229040813 -0.029839523056342247
-0.018305331255466396 -0.02108507038642732
-0.0002534844448275857 0.0069303771625101145
0.00441147634002564 -0.005578684636221531
0.012751136922491272 0.002161331147585334
-0.05123633477608505 -0.03313742130891529
0.010003736395375823 -0.004789303488075855
-0.021534729738219398 0.01429331467874855
0.0036778674242610616 0.022807522912421677
0.03580040189611811 0.03267298406579602
-0.04868731659901376 -0.0065150655114223546
-0.04724224753212699 0.0014789342361612096
-0.0032744021989433393 0.010884311558907843
0.002076453776536948 -0.022434941750559347
0.028478027112550427 0.04463917477574301
0.017469301117248506 -0.003550555677572866
0.012876086459883241 0.043236913270505606
-0.021415196111013897 0.04291294300831676
-0.02920064204909698 -0.02430732383158806
-0.002955131042310983 -0.014939504758562688
-0.002258189390932314 -0.006673507339654515
-0.02733257567911675 -0.01155676410881791
-0.012929812159434567 0.04099834430953321
0.015244241042432013 -0.0192553486880873
-0.009443062208320524 0.001606110089872479
0.02797634518605878 0.04038288059616684
0.013847970000056123 0.04040327516897865
-0.009216678623646302 -0.04843291332718273
-0.01281880298470993 -0.01599220576461673
-0.02120254505299634 -0.022693992041036677
-0.013408763551393456 -0.0339388884304549
-0.019583964241533015 -0.02999879889488211
-0.04398961656700558 -0.020052447643845395
0.02486475743966787 0.027235324791420032
0.04181179924920598 0.01960949798465076
0.025946676484023348 0.008521587628119035
-0.0056165087920401705 0.01921751610980298
0.01783106572164851 -0.004569822477223874
0.0036031068599062604 -0.026803917553936553
0.034078502445883195 -0.03636429981361729
-0.031461231851662934 0.0057880120990962
-0.020950985578085266 -0.023511648311392103
0.00223981595666676 0.025928073600771068
-0.004586109657266512 -0.007676320114075983
-0.0039486011279496885 0.010152305724230787
0.007313995345671925 0.03165543373947657
0.0019287743293659534 -0.03278873320029715
-0.021823760036670612 0.035010015394806915
-0.020525981609866507 0.000971621418709999
0.01570904470689996 0.029576680899462342
-0.03140026665272186 -0.0030222702963820106
-0.0022509449858868634 0.0408015310621561
0.04192016513871089 0.01608848325382893
0.0040234436979854965 0.0006050369042784075
0.012534968503776325 -0.006892613073367117
-0.014138632807535832 -0.016753181332679026
0.04019542319833419 0.018769976016750272
0.005702423607507833 -0.02409807418149531
0.011678810985703818 -0.01659229882062169
0.011863645835049732 -0.010055749848266156
0.0164287408173899 0.04262867705479285
0.008397490375288856 0.00024726633062756125
-0.005237748787141456 -0.006334506226553744
0.0065953018688703815 -0.02401076429623964
-0.015629282611135744 0.0019016097817064039
0.022889400883219654 -0.009212624275009405
-0.011042134415466639 -0.012435246707605572
-0.015997771788605078 0.001236186095829851
-0.010287284828722234 -0.016681025625480416
0.017520718340090162 0.0019064192205129945
-0.05298569555949933 0.03676804038331964
-0.031697119725220456 -0.0005784574559378437
0.02262689638521502 -0.003850180660030231
0.005776835421205503 -0.04353099409201031
-0.02983607250463496 -0.024585580833624516
-0.0247453822475571 -0.034360481698534895
-0.014814031997697472 0.006219272455522507
-0.02277874620069048 -0.00552043998153204
0.02454857423344937 0.014133450955887368
-0.038652944015971274 0.046266941536849626
-0.017838782546840567 -0.029290264919024457
-0.03957233912992118 -0.01761250034886713
0.027854065493427647 0.03026706659126121
0.0004505960737012319 -0.01305844640605064
0.045814492106722775 -0.0313682161663413
0.004517550856619568 -0.023104573004797097
0.0067360991383631575 -0.01668656303114448
0.011792161314350904 -0.01343473035551942
0.011201074303980449 -0.009021783860169535
-0.028260533736659474 0.024752257886751495
-0.01835185820291371 0.005977500218860188
-0.019991797630587265 0.0023487875603739983
-0.026509537758838356 0.014944158691208237
-0.004662344991825564 0.022422076227270132
0.04447139328750378 -0.007789700468278079
0.030722948188651244 0.012178551876157183
0.021856032723763907 0.027122694754442768
-0.029383288589323653 -0.006383607862374936
-0.003296674613986704 -0.02555406174100976
0.012035775781441804 0.00048337041828721487
-0.03762162819642219 0.011456182257411138
-0.006987010511514494 0.02393155655826225
0.028956451920556372 -0.018298948546824286
-0.034146727902093485 0.0009155403617169578
0.02423995339114053 0.0014260517803796912
-0.012783667373226263 -0.0019759359228852
0.023366549214575368 -0.017492385310951743
-0.004558537205006651 0.014783350153947928
-0.012580212126216916 -0.009277958595312493
0.0060711633781726166 -0.05310927857523344
0.02843375918103885 0.03977456473797569
-0.021327638576767834 0.006873114141134413
0.016414690746845675 0.0019682054814497995
0.0027629097447054536 0.00828452486099713
-0.0031756887086896867 0.006346750874843415
0.02093136742820707 -0.029283391780646977
-0.01903445873220745 -0.007374242873179083
0.005654785157699427 -0.00449339067124734
-0.02291499920712355 -0.026678172974929065
0.05140773797397946 -0.025796265012057663
0.032397188277074565 -0.008058550326702996
-0.007143826854387232 -9.029806492032668e-05
0.014531340443489438 0.0016929675319517687
0.011513439882260411 -0.02465769202806182
-0.022856870622626757 -0.009368547776957
-0.029845096230463167 0.015627110704257433
-0.01259775226244861 -0.015502492427846975
-0.004455827308792302 0.015416569364839627
0.030764783732662546 -0.01899239554552286
-0.005478975241924386 -0.011156302538383879
0.004552024580943166 0.00550795560318242
-0.028715298418380407 0.015473258879108201
-0.004868191415693595 0.04253858530566488
0.03237632077114105 -0.002962652700521591
0.026617970379261117 -0.0045400590816633045
-0.04328824355684215 0.019664239833947446
0.017497801102610646 0.0065841697014952846
-0.04107836841412959 0.0055190406473629204
0.01621074613587386 -0.0009926430235591888
-0.0028270217459460734 -0.00551256374923774
-0.026051665202353854 -0.013579802798033846
-0.01866970470285924 0.04588751044897689
0.013881867748465474 -0.039608725121015806
0.022893321733700366 0.002080200915537947
0.01932221883050093 0.0388294921309846
-0.00389195104627604 -0.0064469513881875
0.010593262317268742 -0.014829387251331675
0.01826727413866544 0.020954704650636036
-0.033093101759542505 -0.004145988932329264
0.04179884960198526 0.027937782287817837
0.005938088021796401 -0.005049711706618568
-0.027788522706280742 0.03193818825419507
-0.009967454490073475 0.01330704344768945
-0.022734366917875795 0.02277585695547065
0.0009391257212128057 0.05200184140383738
0.014736455216554749 0.02130562016978034
-0.020326142971881116 0.01818546049505501
0.033025980246520856 0.014299720771439574
0.040975771224410686 -0.012006340911008665
-0.0015046571050134723 -0.012947202958871053
0.0022358389112155323 0.0014510921118905166
-0.030665841897836662 -0.010985681067168976
-0.010987340953673196 0.007623987046619786
-0.0015767163790390687 -0.02258361726576576
0.0073900841652007965 -0.01737089530832185
-0.044330567539488185 0.01794899158344172
-0.004624392039212592 -0.016865556442236924
-0.0091124121998912 0.010127680498150405
-0.03461098038561873 -0.04530090433365978
0.007353037443405385 -0.039807201369978
-0.01433428295239465 0.011141716964765467
-0.02009480263591642 -0.03936497200573468
-0.008803114142215724 -0.03263541148827085
0.019150221560156163 -0.0057828286179992605
-0.0112582100676593 -0.001826092968052502
0.015313224560371732 -0.01620930029528983
0.030933077833408505 -0.034716935610089
-0.007681728904951536 -0.02375517350155822
-0.005118848921532697 0.025234714414888525
0.0074827349905324655 0.024301227328992165
-0.006821527708535428 0.0010673446942859363
0.008048683777522601 -0.00868063143516041
0.009053141755086853 -0.03726344302574672
0.032397816502986225 -0.006839703333272656
0.017542943421834503 0.033316724845299434
0.017143939130755383 -0.00926742405478308
0.0031396641228092093 0.03299879532310891
0.020008552429351595 0.018402138813431473
-0.058214767366618785 -0.010420404298349178
0.01927267117106948 0.024007428025153377
0.0407724576902023 0.019112183126796006
-0.022189800999531415 -0.0014415211606367692
0.025319235504023315 0.017758760996074492
0.011205043769099267 0.004766275214759377
0.025076359773478503 0.031036536681213367
0.014390096401200425 0.028826130020905498
-0.0034271056203206652 0.006532913980274787
0.007187771709071704 0.006154340495807865
0.008153362535288118 0.01460114229401275
0.0035594054257650056 -0.03632832506751509
-0.044928565817953806 0.03434667598147058
-0.006032911128816219 -0.0005103896637833252
0.02973918754959686 0.07566966740177924
-0.005436934733805084 -0.008815415684761995
0.02380319293518925 0.016852980784350154
-0.03180523049892404 0.04550071561247077
0.0280326713365085 -0.033701599417267185
-0.0021064613305175127 0.0043053871857459515
-0.006511085337318732 0.017037091167295224
-0.020650571770280825 0.022233314590699955
-0.03271922155374698 -0.015600483769204778
-0.013715543973329395 0.05726680124639569
-0.0014411388865325728 0.0046706826332728575
-0.031237293499722665 0.006431559710318127
-0.01077939028791798 0.017160524183109323
0.019134120901103044 0.0004994542973758944
-0.003076398961932921 -0.009215753516901824
-0.007039841102924144 0.0008360838822325375
-0.01885044799161012 -0.031182401222664215
0.018140872060689817 0.027526415351311104
0.00884243068526187 0.007619020165860382
-0.010367215786211277 -0.011251926075365489
0.007692425724464952 -0.03417549483434417
0.0054710805455525655 0.014490642357402191
-0.005179110808405812 -0.01897010338968021
-0.034873514024808594 0.013373556152965427
-0.013640946818833356 -0.02682742331222288
-0.006404392942091282 -0.03681280370849881
0.00713089122509016 -0.024717073194343762
0.017813948595820726 -0.026616068891588143
0.0016073535885263851 -0.053812184741073917
-0.005558953280651239 0.018190363974107542
-0.014088019939115484 -0.029039705094473747
-0.01878043759079625 0.049826296193202384
-0.023991864513266164 0.0011370086274953642
-0.004350125723532088 0.03293502469216959
-0.030639461726204437 -0.03217700768455009
0.020236062054607172 0.005167689616280776
-0.0001403479944319123 -0.029198579627937454
0.021250004154179356 -0.018213153287443523
0.016253610215574792 -0.02531343369871384
-0.012808415292710948 -0.030767829366766437
0.017515256119529525 0.009241893645040133
0.0008507502478285044 0.0019106416940870012
0.003984458364479845 -0.013547158152332404
-0.00822976022136732 -0.010183324261315211
0.0014954168396686344 -0.011563368079276572
0.007178518622725807 0.01622731699012687
-0.034501235565132835 0.01357539109057732
0.029056887885750973 -0.02257739344140755
-0.023984364760115773 0.02259281038709248
0.005108449801425466 0.0240023308958759
0.014270820087162584 0.02553871269616757
-0.0073000458388758765 -0.028893654440255757
0.00035219402157809056 0.029303047457849268
-0.018437233077574815 -0.041811571056720426
0.004121649091729381 0.014233070854178508
-0.006735746408366418 -0.016227794537807233
-0.010933457197795576 -0.011088965391176958
0.03378164671120502 -0.026801305421282028
-0.0057252392356004975 0.015138696662739539
-0.022382064297749436 -0.035544884888566095
-0.04381039161093508 -0.006538749279782641
0.030270037384823412 -0.0058249917853932815
-0.03580060466802064 -0.011717933813999767
-0.006633706107592821 -0.018857192437627655
-0.010668873349316418 0.03585914923283155
-0.0004463068505312222 -0.002463687590177879
-0.01109799472755892 0.01925759412859539
0.002396886002519427 -0.03382287040767655
-0.005300753224564886 -0.0058914891638410846
0.03432086802608234 -0.0114296003301128
0.003051333412378814 0.005114383741405355
0.017152567256874692 0.027555798661169143
0.0015938703493909583 -0.013324842054411671
0.03956343187226397 0.012460469735670361
-0.014372755499480572 -0.0030180440143993837
-0.006251879408300105 -0.02643664145767615
-0.004818774631867837 0.014285555600327862
-0.03270056507331254 0.0076788953603304155
0.02126474545523156 0.02451703203033136
-0.013699025338250122 -0.04554144965153168
-0.015371209652194127 0.013365504396660377
0.01601234095877693 0.0027683270758733954
0.02660989453490654 -0.008207005718475479
-0.020924331774022205 0.008811648095488362
0.0065760933291264916 -0.0034569355890360417
-0.006050341019808476 0.003061570556275746
-0.015284451743874158 -0.02253602386244193
-0.033435892108072233 -0.013232688054920434
0.013834652317894524 -0.0450619365741815
0.013098034006511708 0.055800718923817064
0.04710094305464204 0.03359125351923836
-0.02257253985173048 -0.013147217170771625
-0.02870114443581808 -0.011878477850439145
0.06606360127982551 0.017961368446767666
0.004346739360280954 0.007584402463753317
0.03233269100882639 -0.05299139586990304
-0.013574842504876125 -0.02819959930326659
0.011878289710563723 0.043189627833139885
0.005765174449900053 -0.0031723920141768953
-0.002206392924294845 0.026248852991277466
-0.0031890503525071564 -0.016591050494969114
0.006414335042425391 -0.010993391538708718
-0.0008901049475328061 -0.039475564469518526
0.06245670550624475 -0.049739525282915295
-0.039269734961964765 0.013840371078648266
-0.006529290330189977 0.05112692288530946
-0.014689509651757929 -0.013265519083993118
-0.026375725150720498 0.0027757441677262757
0.020033654367172297 -0.017726268690495567
-0.01192934233782187 -0.0036883955584493026
-0.00216866706984093 0.061338401934487224
0.018850479640295074 0.0484471397621349
-0.04071503473653045 -0.015716602631796164
0.004637245479402175 0.025819396839937215
0.012529400975442133 0.010044604194678295
0.0020227198360163283 0.006528549286940608
0.011370390591688638 0.020299749875161435
0.02667166629008511 0.005291664522585431
0.023418316058828863 -0.007298934248715477
-0.005801968337335145 0.02021028565111785
-0.027457295470798913 -0.01884815901115777
-0.02488429396384867 -0.013792670132747143
0.018217256477816992 -0.0031168920110106854
-0.012043858339139738 0.024684178478000498
0.01285526116643206 -0.03611165683465844
0.005592617268327194 0.02826811906894488
0.008766983525713395 0.03954407600558708
0.01794156072899397 -0.015170783517173847
-0.00951796006952654 -0.033210008786137335
0.036357226325582734 -0.0007784476007679967
0.04868878821003579 0.01544825127781866
-0.025546222966835994 0.050368107901504804
-0.011491445650373919 -0.0345536566194866
0.025039596042535202 0.04110190450099785
-0.05802186097511598 -0.02261967142587734
-0.025898701135459754 0.001358652156401885
0.015590959339372233 -0.007669961199025519
0.016338400586496327 0.031841686508049825
-0.005068184002808294 0.02926485725026051
-0.001417391694987081 -0.03164484815182715
-0.008910263142290271 -0.020568868499348917
0.013831302411112904 -0.014009906848279836
0.030351714254774693 0.01749313200960886
0.0041675318301400135 -0.012369177089842993
-0.0050234365621695505 -0.03405582862107101
-0.02899390183427059 -0.013669256626323092
0.010124158856955901 0.01371528530960483
0.008780877715114738 -0.004744830764722945
-0.00663265943197749 0.022244082121732473
-0.024071459186560576 0.006103819910239686
-0.013779849906224445 -0.0116687380372926
0.030012828713175843 0.04464865322097195
3.696404972544304e-05 -0.03357515737862199
-0.008134577793577966 0.013851912053921684
0.005723122034626021 -0.013657714803599801
0.010617459460075572 0.002709562356487065
-0.005526496988181514 0.018631122735248206
0.0014051188271450063 -0.020666871872769835
-0.01360958215163584 -0.02007914273616762
-0.0360250064140069 -0.008829537259198465
0.01819122004084537 0.03850983754265483
0.03260657701356778 0.004553531226946874
-0.013216140337927769 0.0025054833561631504
-0.011460706185294156 -0.020140707489431624
-0.004016273501385861 -0.00824196056686269
0.023597115306208602 -0.002795015328770616
0.029836760477308787 -0.03462958154727816
-0.004034937734145929 -0.04441321380741587
-0.004750616584812329 0.0048302166700117805
0.015438764175070334 -0.013808079887127673
-0.015251300984682754 -0.034913861912210874
-0.025641129638580635 -0.009699773736849975
0.019262659313487467 0.015921595891893656
0.018148633282150717 -0.024488619230375173
0.012858028420817976 0.00215409904531816
-0.0002948345180877451 0.00020918512355021576
-0.03015491162512104 -0.041012865526805976
0.008289856516645844 0.02536275707030022
0.017063976759242386 0.016874741775126816
0.00603960915379965 0.014314417792140483
0.0187355780976546 -0.016573577205400664
-0.013993039266252312 -0.016570960427192805
-0.017290672663967728 0.015083223953676297
0.022588091582249448 -0.027787161993672847
-0.006321050106799548 0.030713097779268436
-0.014066280682262558 0.0012369462689556657
0.004346523581277722 -0.016272055643262954
-0.030411303428868906 -0.015089375963564518
0.01412748678076755 -0.016382269413345127
-0.01663367090173541 0.007042229568674013
0.06456164773136636 -0.02410945779098699
-0.04884511220742602 0.00010377802924472742
0.011269724017444468 -0.01013270444826065
-0.05242068611696628 -0.06213883155933129
-0.005510735470423121 -0.002134150876179975
-0.024998524133194405 0.01975565472897856
-0.02392131520528109 -0.0030930193599115943
0.0068572124989737145 0.016116174401795236
-0.027949477729790662 0.016353310827881672
-0.0022088672096638963 0.01693711237925038
-0.010121885424725186 0.0019474419862278432
-0.028333049849797017 0.0245666569881788
0.005425421901820957 0.031642966992653274
0.037144309685536676 -0.004594525416128487
-0.008223129260983656 0.004253403400001777
0.01617793733894153 -0.0378830965061199
-0.0028149966863461034 0.009954452291170937
0.022628995861676823 0.025655934726818656
0.01730138802262068 0.017493901434728718
-0.006454488052568839 -0.0076818665423388265
-0.01689244661311243 0.01547377902222042
0.0267820374653613 0.010413806103644707
0.01588352913934748 -0.04206743243858766
0.015396723873205991 0.054169724069605005
-0.028120421552358242 -0.014706701961205468
0.026486065903174184 0.03276474119273157
-0.03183164970250029 0.014442372175065
-0.02790496621294822 0.01729765322234998
-0.0013062423909238896 0.02255446428122601
-0.05592998042582629 0.052317935542019675
-0.0533502111936983 -0.03130173118833245
0.03792036603176973 -0.015150610127344796
0.027498722108659064 -0.006586106297448844
-0.010879674375409862 0.014722394342738716
0.002923039300547962 0.016484990517641535
-0.0482504149690303 -0.02014599317887008
0.01940108868785351 0.005468732276715025
0.026595171135626212 -0.02153943646228583
0.012913687664718829 0.013994639541940503
0.004400926129339153 -0.013499851845527645
0.033226809279447156 -0.05396191655278651
0.00874358700515298 0.019085190936635982
0.020132353711342914 0.021584288191366062
0.01958884357395453 0.0031165855218047056
-0.02296956111870008 0.005908635869619591
-0.005906553177292578 -0.025498806863590892
-0.006960259465649829 -0.0024760044420566794
0.023540775159663414 -0.003940046529259096
0.03162044718199697 0.047478215659099564
-0.01353402248325891 -0.022885186405720185
-0.02961188589930969 0.008282871848544038
0.010793954306645608 0.010589169603993405
0.013123746397921042 0.011762582225987942
-0.003930091011186449 -0.0028630312170571603
-0.025261628994076333 0.01738471491331939
0.06139075860871417 0.017134448381577235
-0.0167698930741201 0.012418958151321022
0.026174683274552746 -0.012389485980465714
0.01544789272042662 0.051086050171514755
-0.03413760310113356 -0.040729437546523896
-0.002440154861921051 -0.041472548346651435
0.009671479616104742 -0.016177020849775656
-0.02246978834510532 0.012812026815486046
-0.005408171531999814 0.03673449642338014
0.0010192835664801767 0.02143425948146361
0.04869723637243996 -0.02614268139339645
-0.031625324532193626 -0.0033109123662566353
0.02340983657267765 0.020016361089084844
0.007046562787702022 0.02263842922772171
-0.0037321436366737743 0.028357711639255167
0.0017959418814895677 -0.0355959900348621
0.010911725383885183 -0.02541653255446087
0.015500490093000103 -0.014429328208487741
0.014491298236159744 -0.014143848740805393
-0.0030315428418016743 -0.0015240531986285065
-0.009882773457066285 -0.05444992719267657
0.03440296763303467 0.034743318548381086
0.01493870702531556 -0.0014150861472514464
-0.011945592956871469 0.013786591337345055
0.01506591920708896 0.0016396508984677157
0.007673296638223433 -0.006756665157206061
0.009211266243626408 0.01577908056720511
-5.508623627750466e-05 0.002019660875707708
-0.003555385151672318 0.002683918634815519
0.004634196611456706 0.005178083756006188
0.013838335511518382 0.003265962272473126
0.020124067424243865 0.0008439738985251535
-0.03758195302967801 -0.03938593304316694
0.028188408216896273 -0.027571944169110837
-0.012576014914091316 0.002974963825947198
-0.014438382391512121 0.0010375179761702518
-0.01713771415636837 0.0015172105012751294
-0.00840657369473738 -0.018748551670636163
0.037545457511448686 0.017848164329611522
-0.032243478876393596 -0.00987390790477831
-0.007147831853829375 0.0011595118664547057
-0.017178539838548043 -0.015126994531672067
-0.0075847995078935915 -0.009087516376629155
0.018176000670832654 -0.012451416056872916
0.006896732885648117 -0.00827586593097968
0.02604954929443447 0.005233467322340155
-0.0012457116244328837 -0.02494468528574627
0.01542016545142476 0.019608851756374886
-0.0110127857701864 0.018463072136125067
0.01961650419049378 -0.004082632398617829
-0.014877846950361005 0.0003963658125121383
0.002961235399804403 -0.010579359543698453
-0.04200626201136968 -0.031136349167594585
-0.002278717832002243 -0.017098952700626207
-0.010706426297476904 0.03142329839942093
-0.030199246116089 0.026480296976616028
-0.022530946141959326 0.0168018571643788
0.03926721777686506 0.005201709713110977
-0.02210841232658599 -0.000762375786724215
0.0032362495890929993 0.0027650885083990106
-0.01545101185505979 0.013568125652791339
-0.011842398517987381 -0.013011183845903806
0.001681033016438084 0.005712327278043221
0.022138211939816434 0.0682784566767862
0.006075163385090327 -0.01152185351069727
0.016595769544117085 -0.011303458224632901
0.02909574326524047 0.018862464176847737
-0.024517458949366924 -0.044417235543642186
0.0022137691239874496 0.012961379974653074
0.019441849129806076 0.006671201349171724
0.019316433904115658 0.017154675915310297
-0.01258076522574041 0.015706349244755932
-0.01741864994480507 -0.015284913582966785
