4
-0.0893111533214739 -0.2781568618544722
0.027225372023065474 0.13253788348689555
0.07157837421187511 -0.08766249810728459
-0.24507981245284924 0.00618775307727071
-0.34338513539065546 -0.058918128756558504
0.08600471105064324 -0.016290480476558667
0.06853725443492696 -0.20959440207265176
-0.445812846709582 0.0029089558634460555
-0.06617006829902851 -0.249985790094039
-0.12664538813179796 0.06385610636439792
-0.023526747479155518 0.02467013525816681
-0.19927503188173848 -0.13541537782594132
0.012174485203408263 -0.0803650058707122
-0.0888572813626097 -0.017526356319301176
0.07521486077044413 0.017715473111732473
0.46587174186262414 0.250972953497419
