10
10000
0.02734602894627653 0.02221989422079751
0.016038917719090915 -0.022353907632746316
-0.0085400506936489 -0.03469470510963421
-0.014469628458698165 -0.015528222878718762
-0.03212587229675935 -0.021022432740552606
-0.010572384556594813 -0.004236558325524712
0.007638166893099524 -0.020206604161887864
-0.0009750880784303248 0.017827442235009292
-0.005401184764905838 0.016610220212024435
-0.020177323787054568 -0.021998969626328482
0.0006798018203728591 -0.014854186452686179
0.05982577540228463 -0.006947449023712266
0.012885892000373054 0.0032546470968182243
-0.003932335322627537 0.008457992855361529
0.04485993984575332 -0.02164912992994003
0.012656735590132322 0.005334609090753464
0.046440925333123655 0.031007069948935827
0.06422114907965691 0.032103532160377125
-0.04699501157006102 0.023616180705117656
-0.014368653869953509 0.0021461786473417326
0.015127807175881554 0.009355559422498586
0.013968168808884051 -0.011022678453500084
-0.005763080727831072 0.0010244168529375296
0.03622214726522888 -0.0048731462134885785
0.01715830197933597 -0.01163510644733219
0.01122858206564118 0.0032673079981973873
-0.028351769932891232 -0.07966238028224387
0.0006782246986977342 -0.008835387725992643
0.0411201791008255 -0.016751491811372712
-0.01775455341721423 -0.0063066846980662315
0.01925575298983329 0.052115278226903324
0.027758328079884764 0.02517316594005788
-0.0010947286786586066 0.00018325400991509226
0.0423257406645754 -0.026064545829728867
0.015804113242562732 0.009656565285983255
-0.006293993728825681 0.016109340541471794
0.0064732782577325045 -0.01207159145374118
-0.0041263900091719884 0.0010573007794446208
-0.035268219819596686 -0.004522730387533345
0.012057372221937512 0.0105982251499222
-0.0021759674164561404 -0.028444224453402486
-0.010588538906404462 -0.017915308335188774
0.023720152370601707 -0.024188954151155632
-0.003214696325553695 -0.014749685300779856
0.0007356268370069098 0.006408099765290801
0.03465060240411365 0.01652262030095487
-0.024430580153955286 0.014339061254992118
0.02307685838704823 -0.010571289998881685
-0.02530942454692517 0.01572740340228325
-0.033959112744399514 -0.0095795816164302
0.0010765001472636696 0.010129718564483645
-0.011055112644947584 0.00021588906351484213
-0.009088066665347394 0.016727268108530393
-0.0021604971272103438 -0.00018010814004135647
0.03099707462329569 -0.01955209627310398
0.0009201661700254793 -0.01946373094477905
0.01333864654123883 0.008645407580437248
-0.04466504461412318 -0.021606258763942135
0.00500594985231826 0.01500329168766055
0.025650146814047436 0.013529436836202537
-0.05216641139675286 0.03706563047923488
0.013361905953573634 0.023944511792812817
0.036606403327516884 -0.002417841723144125
-0.027837724025894482 0.010853370560735816
-0.002362026297893565 0.02637687212982366
0.013573207154874348 -0.01212959347657698
0.011264643719390637 -0.004090847283866147
-0.02094719719990626 -0.01522533097943748
0.013229219490184107 -0.005413405908246934
0.01716250352289308 0.024312354306096854
0.0011141191265509741 0.0044739857278605025
-0.029381971004394547 0.02006070329997853
0.021723092192281912 0.03298474517331672
0.022202274491840167 0.026860573315015047
0.0013934111054741808 0.014651746975015877
0.007202968026688423 0.007886083497271637
-0.008251974199457938 0.050307768888514084
-0.014575626612901169 0.012071665322818484
-0.04078646710573842 -0.0025876580186084217
-0.004008591936457962 -0.01334762876209655
-0.009563360384682753 -0.0068224157986030605
0.008030194885294918 -0.03726820392963974
-0.025092992678553052 -0.021423949352835397
0.017875008643755897 -0.032926075144690196
-0.011344143565469728 0.05020886893841741
-0.05321190617757446 0.030410192240379597
0.009457079359895763 -0.03610317119399558
0.007665828271557513 0.015162395869719401
-0.013772189678040765 -0.05624344487491817
-0.001312006765319956 -0.015740046652829284
0.04282102691483227 0.010618054760591666
0.004851098810690357 0.006738313905015641
0.00017737088938946926 0.014920106914956748
-0.02776817387963943 0.01970863973118927
-0.002866491919498238 0.035063072065776975
-0.0021583237094745886 -0.010150519805684249
0.009210855191899838 -0.002449310785619528
-0.01156662588127067 0.009687958561836654
0.015813217770843824 0.002357007556599765
0.0149040029968127 0.015591290744055495
0.012013505624442325 0.0075640903949996605
-0.01150177121949488 0.020196164870320426
-0.03499939522313295 -0.02551577092454137
0.0009729271301222512 0.006058386013923052
0.00947221799718233 -0.005891827880819454
-0.012688997672123859 -0.003669570530192249
0.010406925565720546 -0.009852209215443851
0.00835886360872396 0.019955815632146535
-0.014503373668197041 -0.018680173508405715
0.014111552787467178 0.03227707507833416
0.01200147792666349 -0.00509710627350346
-0.0007297369691672791 0.013515275418777483
0.007542533055911499 -0.012230144723304383
-0.026076096928347503 0.008374414193710988
0.00814033789035087 0.00901089054305277
-0.0041486110545779446 -0.015558058334419587
0.03624057397578526 -0.015851433526044324
-0.01694293339460183 -0.008708014535792074
0.04864578850915149 0.011591299944666317
-0.016153216264683325 -0.009212489410031678
0.006286836400517168 0.012019133858766483
0.009446997790995466 0.018500443684211033
0.020346501703122945 0.021072279646558865
-0.012621282724324208 -0.004460788286036446
0.02868546243440413 -0.015274197197760854
0.021875988010230767 0.04457068596203525
0.015581145607683866 0.02657271043084773
-0.028395201351774216 -0.015238428232311854
-0.03648626010742254 0.06306830863371293
0.01125882910314917 0.0006478917827153291
0.025927248453046718 -0.0016676150286627405
0.011938900287470404 -0.010650840864196893
-0.021116982131285662 -0.004993034314486763
0.020493092047300904 -0.028136403088054953
0.027368918744268805 0.019115159253921828
-0.010172472446839685 0.0023505787453141007
-0.016960603450220105 0.007026043376077142
-0.0017787325535530188 -0.006412132518716606
-0.05047763867266775 0.017595242737757307
-0.00895706744884257 0.002264634647940846
-0.011804469326448339 -0.006486918070502458
0.005909891306489822 -0.01322880773577185
-0.020014281855543103 -0.0010912123038901353
0.0094240424705317 -0.008418693237128412
-0.015255824260878926 0.032030245028140794
0.02015472328071534 -0.016097436402843224
-0.02559358291296194 -0.018280676959357645
0.027296058644588637 -0.008729973879408758
-0.01989698468348589 -0.012112766595837569
-0.02320117551029052 0.013427199608409693
0.0063176401243636065 0.019383909820703787
-0.008273200796366396 0.03422656474277647
-0.047529495367949426 -0.0260133712816208
-0.03247732145634193 0.034544210592643836
0.020493788311145855 0.023043522558967317
0.013368371834830743 0.005158253136050718
0.002734307037433627 -0.012357805817601568
0.016420021752883134 0.018793583687379007
0.011726178763200337 0.008901051406430266
-0.012933581264776978 -0.031763555645746074
0.0022559970712464125 -0.008876849668370162
0.0004006231227979717 -0.01558568314997551
-0.024326376313503196 -0.011937757671142267
-0.012282114878409545 0.0196656352452425
-0.001587714500549815 0.030960049928087593
-0.014237970837549083 0.014124142317879996
0.031368506496896424 -0.0011021724142326879
-0.011031053048293722 -0.005611955919906623
0.007149388982929043 -0.044651176404963466
0.02386018338380584 0.017726499625304145
0.003317148920029715 -0.027456918597823354
0.0027213004800768744 -0.004464020379502056
-0.0193792504621126 -0.037686846506680596
-0.028675504771711338 0.012121385198492811
0.008842572017588358 0.002457904989616521
-0.0337545859434671 0.01414501236698762
0.023271296875862962 -0.042693056376074984
0.01218771901541149 -0.006303732163923981
-0.013641230538414513 0.007625587169464633
-0.018684657796580264 0.02592919143052302
-0.04305351217339839 -0.04806876357301188
-0.04204395338809459 -0.01779323760898255
0.01990696200526537 -0.008924169548716356
-0.0028905909555470145 -0.02522121847060348
-0.008746090090501906 0.048957070386271714
0.0001238518063189991 0.004153694310352264
-0.04790363383184857 0.0029933158396620372
-0.013200185580989688 -0.030876847613266152
0.017513869427333902 0.018525356153232222
-0.01073429089526959 0.014891437918873327
0.03298011592218542 0.010937405250638644
0.013664324405136857 0.019441083933168395
-0.01200654779118952 0.01395368667523674
0.04002527966224433 0.014480162916283151
-0.004985379071183673 -0.00989373174740491
-0.050497241739237135 -0.025471698601247938
0.030274588030438563 -0.03097343174104103
0.013265937680472645 0.034084679101994524
0.021197232734896248 0.011112371205203989
-0.030013287452982887 0.03124224001850137
0.019378971556327656 0.013875850012984779
5.019953090146165e-05 -0.016819064328688727
-0.002246886359758503 -0.002222315232889575
-0.023676744841332156 -0.03933415029340439
-0.016264359967310772 -0.030874184005397563
-0.02033522416121005 -0.0015301632011235744
0.022266504181898687 -0.03576363120648667
-0.02895478601083812 -0.0013388591728367067
0.017529846311477033 0.001232659947090673
0.03362296220674215 0.01043696409666395
0.009745551331801428 0.025990764244543742
0.01321924415643631 -0.01344407754009341
0.0055443101081030215 0.004291754907495281
0.014138972269879608 -0.016210519403078875
-0.04832401764856392 -0.03208467531644749
0.03091337498464301 -0.028477629455855694
0.016641331863399646 -0.031748598782722924
0.023530158082060885 0.005339418022274854
0.013499776351057056 0.04545376205442437
-0.006235435467120549 -0.009351150683593783
-0.010035404396608 0.015624977209255809
0.03369630962598287 0.028136240073449812
-0.04007948556978336 -0.0024714806309282227
-0.04157453892669749 -0.023333121063750035
0.005954563191770191 -0.02328604088116054
0.04128221036134106 0.024551028701554786
0.03394663851639282 0.021517540189547026
0.052339239568641255 0.015285239252030984
0.009066442674643505 -0.034071030143438416
0.005916336839722592 -0.012871505601329282
-0.00449713030596829 0.030624494822454728
-0.036951783041453586 0.029663028854964482
-0.02656880778838694 -0.0010976274802073755
-0.000600813526667803 0.06917019417962789
0.004601506707063609 -0.03085410199437417
-0.0243897844778536 -0.01355203874295113
-0.013383961609403413 -0.01572137454852518
-0.04910328129343091 0.008585057588009223
0.018357508476820363 0.02638647442535996
0.02642291867574736 0.011238760611190828
-0.025578008197573648 0.03577555458898057
0.005482748392979038 0.011770731891926175
-0.06129513462378211 -0.008992715548850755
0.037278554390147475 0.0232803701415724
0.015536449345909366 -0.02677986378353288
-0.014413724216503443 -0.021795813574994858
0.027753671094923434 0.025317703732228507
-0.005847167720384001 0.004635439147929998
-0.020308428075847956 0.009888342835654236
-0.006870937822123988 -0.01142911656860842
0.023152577608909562 -0.02516753864981787
0.022482981567097826 -0.0240431330622112
0.01774133471909497 0.006929316205737972
-0.026524087216108366 0.010635626385704195
0.010643963865556084 -0.015704013132512386
-0.0020791359713193437 -0.006844308208617902
-0.013257992520937846 -0.005115840454814519
0.03361046577969053 -0.002867743016183275
0.044100375113868565 0.008401965089740284
-0.020424819670769465 0.025217182245321126
-0.0016122483058888086 -0.004858399753129395
-0.0024662039531507334 0.0038290685178433
0.028954936958651097 -0.009614389201062888
0.01375751869087361 0.004668843010408127
0.03938362047902725 0.013069150255517095
0.017138565876911278 -0.02956314781595166
5.321756078928654e-05 -0.021055053544685787
-0.006502374195740678 -0.006871779822170331
-0.0059498355744531 0.02669776003651368
-0.002669374766410175 -0.0014044712670778794
0.008384882025103624 -0.021333723026745566
0.031938837162329314 0.0009830655792019583
-0.00021462234918870685 0.030336344920142908
0.008670333980005758 0.025433996860013484
-0.04253750015245863 0.026183234917621607
-0.02449700951908912 0.0032540386499933546
0.02475674347966038 -0.0503510838981393
-0.040765269182816526 -0.0030423513238588967
0.00661340921563934 -0.03598451081772771
0.014589257580003618 -0.04895042845844579
3.811439420756877e-05 -0.006231568561093835
0.014626084805310283 -0.00011158758613584174
0.012121731032639419 0.021638738860071186
-0.01324703628520959 0.01692841082125461
0.029940736576035177 -0.03123298705855798
-0.009162054631525864 -0.004176304004782653
-0.016663940796036298 0.002579150333777442
0.013214441256466541 0.02371135101142982
0.01434704576145124 0.025242450270583423
-0.012592031802002055 3.155961974941344e-05
0.037638449328072025 -0.011628988878919937
-0.028586641345696186 0.020697775438732025
-0.015571478976747917 -0.008172395673527988
0.032602935178754365 0.025550952457304623
0.04077933256281399 -0.016844880434312596
0.01870335248653876 -0.00999860028599124
0.027159355921999473 0.03935238527521961
0.032201088179388535 0.01663051223974845
-0.0025744743403376385 0.01706586278107237
-0.009778076442048327 -0.013966707056866598
-0.011142159381267442 0.006283492171129385
-0.01590438023422958 0.003547733179110386
0.034125105551003045 -0.05232859084434317
-0.00663758491981679 0.025210769349515327
0.01141796363699772 0.0021137081595340697
0.007332517402401002 -0.006549096250189308
-0.007738824489307162 0.01677215241367492
-0.007449618077364932 0.004911049346109509
0.012264311801793592 0.0001480992434231063
0.00552637604567422 0.0063569175338928224
0.01910685802426762 -0.036225252914871234
-0.009607927479793532 0.011841821057510131
-0.006659775780818963 0.0031222469776646415
-0.002096135224691787 -0.01551271561802794
0.021857081668089785 -0.012098603077068887
0.017716573818737074 0.00019057428598913328
0.020918689604673472 0.022550909192485827
-0.0012169970250676988 -0.009880297743215482
0.03256942546442335 0.008169608379885531
-0.029847431125960402 -0.011235519615646792
0.02632270342879822 0.0004601691259532404
0.007364183650638226 -0.040351628949711414
-0.022454297977382163 -0.001401811401197057
-0.017746177521383015 0.014118166639442155
-0.0010228565589406788 -0.006352204590225406
-0.030151523800907062 -0.019057720404246383
0.018219140491059865 0.007553861916066265
-0.03454008575526874 0.05562538939600455
0.0019229158570513811 0.006006996887668207
0.03301055002691279 -0.027148714362341838
-0.057612058964501466 0.002242473005929898
-0.04667818214080551 0.00933267329063569
-0.015684909793106102 0.05636198529826779
-0.011117832960349952 0.05444085313404224
-0.0618816759209069 -0.026988409904260532
0.005710830743404136 0.04513087692259953
0.0031040802092036517 -0.024579031831936812
-0.02372113193535866 0.011470389330174314
-0.031235072381065217 0.004255765233498209
0.011020585665017632 -0.00734658530267679
0.01907528336661341 -0.0035196611554496665
-0.004395244846403727 -0.003756129073875809
-0.0012803096916091166 0.010945035046055554
0.009938764789089404 0.011252456919611683
0.03252587622481666 0.050345832119101534
-0.02139613897332812 0.0021144955052651085
-0.007657319938183212 -0.02679571978570284
0.006119693226124183 -0.016031418193562453
0.029741729658525545 -0.012426818262965817
0.0006323050093833241 -0.03158313950296189
-0.00030454307616502015 -0.017782013605523724
0.0287798022789204 0.01026203045917905
-0.02728216819621527 -0.010512931990269172
-0.02828494139446614 0.01043081219597596
0.013391697769456094 0.0464929952266822
-0.010837122900086269 -0.027896032478003638
0.035213372132561704 0.01666419114441714
0.04949022593449695 0.0009252941909860798
0.006784892585467326 -0.009060122039764302
-0.039725874963266336 0.0060791667658342706
0.0210675154269598 0.02022647841164831
-0.013015857977984862 0.008281059435955555
-0.00540018981896271 0.008465867102781804
0.034107905633022524 0.002732282905650769
0.02979262585603273 -0.011013015037777586
0.009152127939352633 -0.01317825348044837
-0.01002041925648323 0.010641408659846405
0.03272066947712471 0.017970600441188322
-0.026507121356933564 -0.01757424758821723
-0.009232528567528873 -0.024303431847677276
0.012209085238442231 0.00508385047652982
-0.008775800024484451 -0.0216716645290478
-0.021905847104792674 -0.03902978478940522
0.026556595736746725 -0.01853419179339497
-0.016295314372116974 0.01592129452374528
0.019872340586056268 -0.018933746447440336
-0.015957690349546024 -0.00751648845807274
-0.010301864569354677 0.028214530839682804
0.01994206557191593 -0.04690118369738483
0.023243833347471165 -0.009783531542868632
0.025429810459245222 0.0006696620225312564
-0.0029284789084340203 -0.02331208418466312
0.016343356764430963 0.008224488454139608
0.027873125283277525 -0.008923996749025404
0.0198382107684766 0.043361600475697114
-0.022609758727293133 0.014695983197252663
0.02423099780463645 -0.0307470432772859
-0.008381233039932127 0.03486539603883797
0.026304997250767362 0.01782710725795462
-0.02640371393380209 -0.001900209525323026
0.008306817040092333 -0.02081210455442969
-0.025369148767012212 -0.013045853359464758
0.02849971196640324 -0.0008125434364777892
-0.02641829500992187 5.259194538858245e-05
0.004840643943801567 -0.006333815808452674
0.005602676953328778 0.018267596266156667
-0.02514309339752247 -0.03702258571206095
-0.008317885118265004 -0.01192483646283499
0.013303504026490174 -0.039910510106024984
0.008108281198918543 -0.0012481128627684376
-0.005303448683201224 -0.0005431567601892093
-0.005190888369585643 0.017623887723129353
0.0031808223779930763 0.01127487484822403
-0.004397530669916741 0.01362370346687097
0.020201547541461144 0.025240029884504838
0.04818803889016595 0.01575686583230546
-0.01530669451291721 0.002020551829071712
-0.0008974496725322694 -0.05455502577831795
-0.004356587451836773 -0.013363947954753826
0.016252754728196803 -0.04880328824557914
-0.0020997609761453898 0.019494016182894595
-0.011093048543497812 0.014333890026707366
0.04673071586654071 -0.0012083833593078937
-0.007124493027795541 -0.027014548417881108
0.027615805176001186 -0.03796380658593117
0.023825268673697025 -0.020697243373713536
0.003794259994405768 0.013490308221339058
-0.0015457122959391936 -0.006942066243160869
-0.0049733611020747436 0.010964487884446213
0.017307577302098427 0.000895640917637193
0.03634235343962079 0.00848189606978353
-0.017961356748743315 -0.009368641140796026
-0.0010674355731949447 -0.020320523146115283
0.01000185865284583 -0.027914972640630167
0.013657908013981476 -0.037421603217955464
0.04574036323870864 -0.00110227465237392
-0.01752961352922811 -0.03885961771399498
0.0015833181921234073 -0.024862557037971404
0.014224968342287484 0.018916338687782794
0.01675162474890807 -0.021030093395976803
0.005686234164383276 -0.0022007166727468735
-0.03581816605856344 0.0045026860647664185
-0.017134112956467523 0.001536720843586828
-0.02595928947218372 0.0009524659922333156
0.004884997481374418 -0.02813185703491426
-0.06822965717842094 -0.004130105194678409
0.013322922098461741 -0.03640656203520881
0.018067237378073333 0.022337296733460178
0.005619170410222488 -0.0115020759892835
0.006442893869441297 -0.011756416453343688
0.02249846465120898 0.049819304756737556
0.02757028184896734 -0.009526140565944405
-0.03143199833428478 0.006237462991882065
-0.01782135714950977 0.01779033205061732
0.031199830275736057 -0.04249246608239176
0.004023892542949802 -0.02171357698799635
0.030903576837756276 0.0023910775185573135
-0.0037116765765739363 0.03643949760947502
0.023615511218533985 0.008060222766310013
0.02725470811222411 -0.026234366749373468
-0.020749566788923254 0.028661354590753335
0.03052322189092565 -0.00815019185276935
-0.008980248831039454 -0.008081125438896528
-0.005592047829839407 -0.004306193585107191
0.034918383258898004 -0.008911335153269528
-0.019092380520550727 -0.000866952546278856
-0.008718940492167855 -0.034378330494890655
0.010084367120319392 0.016159623376090206
-0.015195189222916305 -0.029710032248928705
-0.0247184740783657 -0.04274284167466546
0.03814813607562545 -0.015239615628294444
-0.01104024261321127 0.03408916371049707
-0.007571422578236691 -0.007888494243359004
-0.008196085887055133 -0.04578855254042505
0.008022749075437284 0.02296395936809274
0.042175254615860955 0.040290822181812985
-0.024045715317884887 -0.021507090004744014
0.013909303392700887 0.002441691460716699
-0.0068140058628223385 -0.010526826705969957
0.04206388767551909 0.0002332132422234768
-0.010919386602317532 0.01024556853934681
0.007838196953439801 0.016278482671637732
0.027787719691409498 -0.002213645970165413
0.0055618712072005696 0.0023437839758881514
0.026071267358036068 0.0017919591663491336
-0.005928058871802083 -0.03913083836504006
0.021623715087270626 0.00829883367357737
0.05887616695632108 -0.0032718613138895485
-0.02018548980907353 0.002168584217960796
0.02101633750550746 0.013196903850662755
-0.0005269708436980064 0.029500332774035794
-0.01253960682511115 0.01635533096648591
-0.008997635231334223 -0.024880483716292128
0.04068891004797439 -0.033623653468331766
0.03973466358760976 0.00444037453606965
-0.036959728255072696 -0.061556286648379664
0.005568318681708979 0.028689418084743925
-2.2974129585923254e-05 -0.0008028939870894273
-0.008753728043964985 0.030082078039494704
-0.0025617283959592355 -0.021923560385664852
0.025499674427328103 -0.015164049294950898
-0.012964571680831628 -0.011293373568649078
-0.009557318081649707 0.00026427729429980847
-0.020496951183506654 -0.008248326326723848
-0.0287508409218229 -0.001991533887969692
0.007293762155586011 0.010774670664412598
0.014015815431975337 -0.020560952276283483
0.01846585606453589 -0.0030234268629636464
0.026051321174507782 -0.04973430938176366
0.041944550974128865 -0.034843668892391835
0.01200991609987898 0.014736596918760787
0.018931904714854057 -0.025341352121908696
-0.030190501733482422 -0.001314996039248153
-0.020214693456446258 0.060948283306254375
0.01580653212011486 0.03915463961102878
-0.00724064320233562 0.010778250631072557
0.007954836260739106 -0.002875401231189534
0.01218685407556531 -0.048869014179017976
0.03598870145409852 -0.0053586390599117345
-0.016988460787902313 0.00640977556576889
-0.005979003047126527 -0.013244854558873871
0.004503201484031697 0.022119749420795122
-0.026374049273438786 -0.006834896572246538
-0.0037835267291838194 -0.016345435360499046
-0.013651542409074178 0.0034679422863442715
-0.03919767044921246 0.022818086764162946
-0.02094421022700474 -0.007605455391887314
-0.00039525600333541015 -0.0075530252303193865
-0.008865907612316053 -0.013111804258290803
-0.011165887829545315 0.01730890280273143
0.008087062595499538 0.014263294183277328
-0.02734271341917775 -0.024913890410943405
-0.018015165554079726 -0.03917966719489285
-0.02028336422299033 -0.04405138460049997
-0.023992636981757482 -0.056974809685194486
-0.032447139240400304 0.019644502925483243
-0.00859978909131283 -0.0034358171445318733
0.03224653283166409 0.010317716597521783
-0.013209683282568678 0.0010739802869632563
0.033874048709919266 -0.020254578756640877
0.010343828661791909 0.02611315484160194
-0.016460962081359318 0.013371648624888774
0.001866172563623587 0.032069345727563356
0.0010942712450180852 -0.03208032998347001
9.498571432276301e-05 0.024917368696595908
-0.0017055831860949041 0.03946897277648538
-0.018057273970787283 -0.008652153704856558
0.0014144767609858598 0.020190326712601354
-0.021770603522982934 0.009259309652924194
0.008818047250811843 0.01623172051179304
-0.026782446510434616 -0.007081484022683723
0.030814406676974146 0.01550786010233358
0.07421982571506935 -0.020014657995516955
0.01073327876798611 0.005932657158568382
-0.006257535225210384 0.012177674638287759
-0.019774070824727128 -0.015731121191473282
-0.011734358203872357 -0.00707237301533793
-0.030289402054469804 0.03200461386104741
-0.001774841453833511 0.03821808345052304
-0.0009775436545576151 0.033704668369699355
-0.020328288572040356 -0.01711694622512468
-0.01504252017993836 0.0017044954736530162
0.02384937815453469 -0.030122474722901086
0.011858651381621815 0.02045166025922537
-9.27352050407398e-05 -0.015264472855945312
0.01704795164708824 -0.02617792480110878
-0.04606071607629503 0.0181028112535131
-0.020094623160142572 -0.0019209105694368738
0.0014922168013072074 -0.0018197384796009135
0.034666434092686146 0.010096461086799784
0.005808998589829876 -0.00022005949536589304
0.009641375672915908 0.03770365749811048
-0.0300326847078719 0.010629058843167706
0.010397885978008881 0.03174916979194836
0.016615411760360542 0.005290682021544995
-0.007709210790847097 -0.004344083628562504
-0.03396945206090392 -0.022825786965101694
-0.007153999856755478 -0.00959243394785563
-0.00740034700946261 0.025195621403962563
0.018760019499552347 0.015830624515330422
-0.019674063293053785 -0.00945591169310138
0.001609517573985374 -0.01219156434898565
-0.04154362031954194 -0.014630542512893504
-0.008614532308071342 0.035261486119945125
-0.004387416339302264 -0.008197869714398471
-0.0030805414334471068 0.0009252377956874854
-0.012368753827272374 -0.004909044999951595
0.020632986373224988 0.01677829373766063
0.009820552033447658 0.018008834219111428
0.006383325666683267 0.023716310229249856
0.0011254411869493185 -0.0236541688193393
-0.055341902581369944 -0.01756304839702401
-0.003770320708575953 0.036803281409467835
0.04078958878429898 -0.026336548425963946
-0.02796068913354385 -0.011638075209388051
0.0026969090451468376 -0.01773686895195746
-0.007885217153136434 -0.024691004315739506
-0.0027418695335758867 -0.009509901848573489
-0.026312678014954637 0.008145600081365266
-0.020934745615781816 -0.0032989347726320693
-0.013471019005121081 0.030531561102748225
0.018202133405017824 0.00791546546650091
-0.040993256311448296 0.02433777633570079
0.004800494734851661 0.024707165931076126
0.027209124679901074 0.005286369741432038
-0.012410440856429145 -0.01755453056127699
-0.00640540713077924 -0.026807964172279843
-0.013574505776772187 -0.029011986565022182
0.05307192486216696 0.0288054320399848
-0.029061500751376562 0.018952023130140203
0.003062556016606103 -0.01519960742886949
-0.006765384454514372 -0.017351181827933854
-0.007979365157094534 -0.021132682821857013
0.02001678423853989 0.028496470268492904
0.0068025322226873495 -0.005774479383290283
0.018721048012858666 0.0019490424739708565
0.014545980412241885 0.0011912588630194883
-0.027693921487467778 0.04359718670166734
-0.01819375903877377 0.006366780420807716
0.025549017625000385 -0.012873574795550352
-0.021750489530371588 -0.010498826960832543
0.0021900119747896452 0.011462659226507998
-0.009929708642924143 0.006963443045165345
-0.01946264741877968 0.051666099517488295
-0.013222833898482634 0.020537615590091044
-0.009405356803598464 0.007562640229956304
-0.023695788715484653 -0.010896404568569702
0.021367732648889314 -0.020581160896936904
-0.03332744570814696 0.019773590623735866
-0.021692304471008655 -0.013369025777551238
0.007278370425185531 0.015346796272195153
0.008240863261140702 0.001303176301997554
0.017659476029188322 -0.008605945520177067
-0.021789062431158298 0.0013688292853561081
0.00042526453507009317 -0.008364766701138726
0.026557197937606428 -0.03269583424194759
0.013689594542338434 0.018092550376273477
-0.01770199159962219 -0.007628987051888724
0.04565259073709708 0.019736033613093125
-0.022272984301577682 0.009078659386319176
-0.010797851691841658 -0.017580960499695545
-0.04667293035399259 0.003616452064511564
-0.036516465885048366 0.018238156433014793
0.026311670370068804 -0.008445392094603432
-0.0214150255563717 0.0035256024179229394
0.027273373239712746 -0.0028855453876195395
-0.020142324247783217 0.035470215120562754
0.04453485758043173 0.0249298963413272
-0.0024290214278601878 0.013039235103744886
0.006681147163472898 -0.0015035086219600028
-0.018713298477022668 0.006099978789989347
-0.014329060959814132 -0.021955367519675764
-0.008378174507698007 -0.008271572868761375
0.000959508027545471 0.006579637448548021
0.014077763507053696 -0.0032610681056889084
-0.009936217141874962 -0.007341386832454131
0.007584839251904658 -0.0011043187623322776
0.016006193718626164 -0.007631331602498256
0.00628103623438894 0.007626660501842754
0.042246651694737965 0.0003927066767239625
-0.018472861689758622 -0.03153727363489169
0.0011566961371126823 0.006712268707096418
0.013209483342554269 -0.04688720708286513
0.00575323072100902 -0.030380528914632467
-0.029859887513399852 0.0015463258825127247
-0.012957778620354897 0.03539719420556687
-0.016427389852636004 0.002465058898251303
-0.024600620098678083 0.017491109735336685
0.030919376635208447 0.04289214395240011
0.030887681388815962 -0.018487213280999983
0.005945131846530874 0.0313528431110889
-0.00919567229089665 0.04365915813724168
0.0008235194276485777 0.022881347722946824
0.019506144885514647 -0.015149404243570556
-0.00468038436762513 0.015066124037348909
-0.0092680203834453 -0.00030662079836840114
0.013094038073414733 -0.0008456208580333082
0.003776295797097672 -0.03144858073956221
-0.016042846744426034 0.006192962890596734
0.00039794573009501035 0.04982070280434691
0.01271692599370142 0.004950237550289615
-0.010691398425597052 -0.011742427943479641
0.0032768319091150753 -0.01913139174561356
0.008531683856366594 0.005496631532346959
0.011815159281968857 -0.007451181638984732
-0.010363552935657558 -0.026714722949214755
0.019538729039577513 0.015091508693401902
0.016603870840703958 -0.057245534698002455
0.004206874433662821 0.0028482735495639075
0.00022100805573366326 -0.009547588762259324
0.03859908393581816 -0.022526376387398673
-0.04343232129919219 0.0024637904979556806
0.0013075647903932068 0.020820438344419562
-0.01581642462495773 0.021090508012493226
0.012872119673358955 0.012609583152585264
-0.012491502383903922 0.0008884481999040159
0.04677186419003699 -0.02937194151617905
-0.007876164479043634 -0.015114749545379993
0.010492243821658748 0.0022783337205241777
-0.008899489368098503 -0.012096166480787282
-0.012799390483249268 0.00442905769139977
-0.048328928755301155 -0.014897504856242317
0.006812070856776838 -0.02521519389267351
0.03009300899115529 -0.02581216288782272
-0.01367283564584875 0.03296408859922967
0.02657775309003689 -0.02958831386762789
0.036320619671938455 0.02548394390206709
-0.019682247547428738 -0.01964559592879271
0.011858543449026019 -0.019818068693996254
-0.030599920142982684 0.02123670438611293
0.03083900442462679 0.035608233303377604
-0.022260518285300193 -0.0053759499548143375
0.009092598408413715 -0.0023613038104745416
0.0004651629665563379 -0.012829738924047766
-0.003598378475597501 -0.018357479586194138
-0.01913471421212258 0.010432643465385397
-0.009513164969433425 -0.015435900426557164
-0.020373121070100846 0.009822424582174078
-0.017367332354152536 0.02885943287219315
-0.009822045407640865 -1.6766325291094555e-05
-0.014803793800583947 0.012306354111545447
-0.043619409055116354 -0.00955932144529358
0.0057564961639291045 -0.002632104755804756
-0.026742960727353063 0.015310886690187877
0.002529722957727822 0.012546335145071044
0.014403981403781225 0.024270167060285768
0.0023839527154769363 0.015683821116606947
-0.007718368061489346 -0.01864435020645082
-0.029215821682146113 0.01172115612517907
0.02214459185629158 0.008257938897164242
-0.004826686744948578 0.008681017055334389
0.0219904580065977 0.02230269183866491
0.02177627246988133 0.002247286046371255
-0.01875073762077916 0.019510358276343603
-0.009419560123717407 -6.0133289354269945e-06
-0.019705213766458136 0.004785158036971916
0.021336439105066156 -0.014019025432935131
-0.010746288961045743 0.025751961789695032
0.008923342818233981 0.019509147636257832
-0.006916973673870347 0.006148446410001729
-0.026368858282291695 -0.03420452276734065
-5.162924032929951e-05 0.01172572132419015
0.0362427872979089 0.01520876676391567
-0.019918738957958006 -0.02040606325909559
-0.003620158312342625 0.008373039477411269
0.017475701920516517 -0.002214677331043152
-0.012785058852824454 -0.01837998962115105
-0.01708814012178909 -0.00011560698483741604
-0.00080498534870085 -0.02000901553003077
-0.004600573606440537 0.01773795101262153
-0.0017245399740840309 -0.03568850658459017
-0.017893533606510012 -0.02342482551378529
0.007252935778450937 -0.021774114411482363
0.010930377786169796 -0.059933298676336434
-0.015550746644761384 -0.011347892488574996
0.006096019184003284 -0.024119631161322083
0.026199887394701325 -0.018733454889628715
0.033918620006069815 -0.02539176073244059
-0.007091670938940811 0.025629156917622083
-0.014563071574463233 -0.01416327219365892
0.004220955420624184 0.014509928610234625
0.008605486034193826 -0.0209849041374947
0.007064364420851679 -0.002287629510641727
-0.01131736207997164 -0.017414271006855393
0.01975387114585847 -0.02631908086296043
0.0016186230058899567 -0.018272466417998387
-0.04019751337938045 -0.02241017305827128
-0.022684019041438543 -0.009933183442344787
0.019279009881494637 -0.0008819957007736361
0.04921242090600484 -0.00809053017152692
-0.01445084520402002 -0.004013956964358069
0.045062799036085316 -0.0010057175518081247
0.007026856961615512 -0.00544504795486101
-0.020000281184242553 0.007372467401693505
0.018156983729552836 -0.036500427386728714
-0.005851744328583687 -0.028250667336118813
0.01657723458367257 -0.040164285810633395
0.018466567080207868 -0.006936297846512273
-0.002959970758132733 -0.019598648499638667
0.0046420923445926274 0.0007640573827522504
0.022020743675985735 -0.004337224384458041
-0.0004999380915978267 0.013635580354257312
0.011836496083955959 0.003238034491615428
0.04030529368714215 -0.005447392094198563
0.03615539469846758 0.0009003573050443872
0.006410925328585202 0.007593225245059116
-0.010040239425879805 -0.015954836837807566
-0.003922522175501904 -0.016484221882649065
0.016692792696442284 0.017733017710003716
-0.011456170805968814 0.009352369422964427
-0.002738777352233741 -0.015023035375200134
0.018409017104846326 0.006783746778771751
0.020627667512144093 0.034818671120297476
0.007460371457851432 -0.023747653429907752
0.024136306632690254 0.014096965437902566
-0.0006035291558963348 -0.00714378147858392
-0.028407469489198305 0.010800152199037216
-0.009583671650614847 0.003577926729122728
0.004723396174835555 -0.03117842694338769
0.03986071596346882 0.02074982350130069
-0.0282200912157638 -0.030172659157103234
0.006661883295864866 0.04944382695631425
0.025078895515937383 -0.01487003924406275
-0.04477769689206941 -0.03879357967887741
0.0014912835864767829 -0.0012624805885367144
0.020029762674576145 0.017403923396063767
-0.053855993672961594 0.0027325749850855355
0.014053167555929266 -0.01977255901149255
-0.0014790521246184293 -0.009257349053270544
0.006683103610376229 0.006554549754000997
0.01592555916856075 -0.0536774464685966
-0.0052609091495394245 -0.02515394404264361
0.005366810774810472 0.04009971827166208
-0.01964516185939467 -0.010174175576541112
-0.01686723251924855 -0.01583737062215567
-0.015317493389912906 -0.01711607067635463
-0.02125757588643477 0.005323516718332391
-0.027905657422399092 0.0021170706852179193
-0.01050684485383952 -0.00473497011491009
0.034997741336585377 0.048758220980607475
0.00010412733099547398 -0.019841791984153277
0.015432222197864866 -0.037232429432862604
-0.005488181220877894 -0.016282805637941957
0.06143755781720504 -0.0008775678752710024
0.0015971599502913414 -0.00015758046214165117
0.027730184964139284 -0.0092749010004236
0.011215656620270952 -0.028254660377315468
-0.003380909929832383 -0.01456667118471663
0.0135984579661544 0.012231107031183465
0.012383128476546476 0.05603595368663528
-0.011022308917788042 -0.036179742624976856
0.014527190491767608 -0.021731995306249557
-0.048475785066481814 0.00354945804836325
0.007719044833557641 0.045873696896032046
0.023969790503415807 -0.009215016124381295
0.013697463865718016 -0.01716885814373188
0.04256879119035912 0.010780517531694138
0.013209881232260018 -0.01824135586001937
0.035028745511363986 -0.011133490885262423
-0.007456194900296584 0.01193888692812489
-0.037251640766245854 0.0240776826378916
0.031526380516558775 0.020041800268337125
-0.004965815247403589 -0.03899407986688496
0.013636852356459395 -0.014027234453992727
0.02488277066144133 0.013120315417446293
0.003060681611010738 0.010108605018728407
0.020378003691866323 0.02568665326001456
0.04013519990923817 -0.0026451444073423763
-0.05949739996947951 -0.04472110029933831
-0.0026816651016637267 -0.029196335458083256
-0.012060521631779848 0.011295508079730248
0.034381244923173473 0.008341048880888005
-0.023029694357367715 -0.0032627365832912725
-0.03796528240501199 -0.005585949906401112
-0.01718999256682326 0.0011397761304444733
-0.023276142286649374 -0.008153613205061302
-0.02028873820425211 0.018125097452032713
0.010860817527448705 -0.009303853410613627
-0.03400977501781349 0.010897238636440161
0.013063566413174525 -0.021340255167400946
-0.026538987200744255 -0.015160867735843936
-0.01536959004951881 0.006825343792150728
0.04007738772091518 -0.005116070716336699
0.01609240425054575 -0.02266677700314109
-0.037626160044667394 0.01091609390222353
-0.021506780276051882 0.005774352118222798
0.024751168096930842 -0.010324216729603451
0.005149048969967659 0.03608382684952963
-0.010925812059796543 0.025145295739349028
0.003597111427065634 -0.007416612169934215
0.017215465636965275 0.0004567350253048259
0.010162726835751219 -0.011640907433837645
0.010625597574553875 0.02543930613020965
0.0025707665626094173 0.04781632827822519
-0.0013464956099645475 0.04326328617227318
0.011341541808613896 0.0007524754457087002
0.023659244177058746 -0.004934506189464747
-0.01985362120242555 -0.015999701026118782
0.047677433173198135 0.004917855451965166
-0.03668433613248063 -0.021328298953244507
-0.008759345480912414 0.0008104108776982445
-0.020080500963958022 -0.0011565741737607018
0.0157529411794625 0.021255233380935882
-0.00859316754942507 -0.00373543037497092
0.0597921025534952 -0.0104133521950711
0.0030149133228147057 0.0037692074463696627
0.023436669499013317 -0.01405590866732866
-0.024312512222137567 0.005521394640573703
0.009522166932241973 -0.024208425061791966
-0.024022714214060447 0.007971657297701844
0.004883576220074907 -0.01278730957581754
-0.044667760679330905 -0.03198899476200782
0.025958817107599026 -0.009513422270865813
0.0159861854608965 -0.023094041700787056
0.004148769397694484 -0.01473448657564457
0.01320095794699206 0.019665591897062497
-0.013450043887507663 0.028846241139282133
0.03965306704470665 0.01057081433897834
-0.006730850188880998 0.013808897529897989
-0.00749954545410859 -0.019727715605490293
0.05689924338841842 0.04644801836012284
-0.01810505398663494 0.03099630642676617
-0.033650264418986706 0.005405399839661847
0.01398421814903624 -0.012579526581474055
-0.026123464044602605 0.007062921465932223
0.02612216436423408 -0.05352087408170562
0.0004903185957926818 -0.010815745188290274
-0.000797438893501249 0.01914804272592151
0.02139262803730147 -0.0048704479035833245
-0.02029842244650055 -0.012112464860649708
-0.019013755216315324 -0.014363631113639034
0.005273523792747438 -0.044597701973131086
0.0018814883461411378 -0.012912050686627308
-0.01537625537336468 0.0329992127383793
-0.020278177989433845 0.03383819709683703
0.010739437788155832 -0.018794364932786523
0.06204187929315759 -0.011525848315063236
0.01060157584379427 -0.00029882597686247455
0.008399685192901225 -0.0037296164978910733
0.04234196351810736 -0.013381464609945116
-0.009918498675074067 0.04145877918301029
-0.024755510352475363 0.014827141595844676
-0.02548654545192299 -0.026760811014396573
-0.017909665380716977 -0.02632524452635562
0.02330218696579662 -0.004572296767107263
-0.0022567244303777377 -0.004824465479482877
-0.02734329325327601 -0.00630229422242811
-0.03412907985577719 0.03486665502930839
-0.0013703897164390566 -0.04251492571062052
0.02529040921590022 -0.006900928187685639
-0.014394870488432854 0.03957806562989994
0.028938829404950437 -0.008258083861365584
0.0009259182570449708 -0.014767743301171926
0.003694215240277717 0.017538614234995052
-0.009031971969912789 -0.00685789750299172
-0.0007953426933705826 0.019677072373686082
-0.026385161149558196 0.026752716181727785
-0.022490102661886117 0.026837923363684353
-0.002541588755660238 0.03248964399743936
-0.010889166560431643 0.029833306160061274
-0.018504791977110767 -0.006731840597024269
0.04911032753098694 -0.006589455224817271
-0.019371585730444417 0.012730600004173344
-0.008236715880395139 -0.004406907528240507
-0.020122766255224325 0.04586265582512583
-0.045658639742452 0.018662959342485904
0.006123902524255399 0.029801498237715975
0.014077811191773218 -0.0010720569960154468
-0.018621638517827756 0.04606452133524882
0.007151551430457511 0.014083754475229474
-0.00023097282245381637 -0.01351082872950855
-0.0004495344833758497 0.027313525847018818
-0.024551763047663253 0.007592372802735197
0.03173820250382268 0.03435692687983844
0.010234091571445475 -0.013361360962225326
0.01832139993089403 -0.020333150990217118
0.03867507115726961 0.037628380267758825
-0.018217309690584577 -0.008399531947994003
0.006116054558286278 -0.010711935022940785
0.014807153427337922 0.030750283082128644
-0.0010483153504410756 -0.03701209895484368
-0.015954193903943825 0.00020594938200390038
-0.03475696221365243 -0.02336940262740843
0.004975802719465074 0.02052613829633698
-0.018347720673878895 -0.0304202284722837
0.04546551319305116 0.016350596951531963
-0.0014924828723541486 0.035078929543755105
0.03874303740977429 -0.010543845310601539
-0.0032145123977966 -0.011475839557520824
-0.04129959559738034 -0.023598303878972153
-0.019333266728109984 -0.04317831432329587
0.016558762119190783 0.007286940057502078
-0.022939003626904896 0.031631402672158394
-0.016431755876288097 -0.0024674990803157507
0.016609158086403137 -0.02084020363175682
-0.003788149869895228 -0.020510988141188527
-0.01199936146703705 0.020560952439814175
0.023277909824352155 0.03884416737933483
0.003939572981223746 -0.001337732065737291
-0.011820891970969614 -0.01436994584800805
5.1490926683949455e-05 -0.02689303344129209
0.013546977734149637 -0.0008973843994615189
0.002555619507875509 0.004713431766379836
0.0027080127340372746 -0.008115956980707174
0.025829892026343716 -0.013547473210640338
-0.041271860988818417 -0.018833477589452714
0.06323214786390467 0.04206056385197066
0.0209036566265353 0.03290400083792562
0.014648318371780196 -0.00016056693977297472
0.011073946072234275 -0.0020939778451366476
-0.0005241074303168284 -0.004514774794083339
-0.03955973674310935 0.0018068536638237557
0.007365203463295582 0.03281484098949133
-0.052456299353611006 0.006503702504084308
0.02357809974155933 -0.003020786263991812
0.011509610425671576 0.0003118722161981532
-0.02320412451491733 -0.024266357725830818
0.015913513431524563 -0.007194955022504904
0.011600315347922784 0.004233399008218538
0.03337622750824076 0.010487837777227447
-0.0129203381285175 -0.0372411198765731
0.03360596984765606 0.04058376292082215
0.012220111047090525 0.05406356711357334
0.007489777780109794 0.009482544931923893
0.020362464224427737 -0.011870319382107974
0.0013876300844250097 0.02147801375647092
-0.020830777628818156 0.01282728525743817
0.005512625247509992 -0.027140916346780824
0.025900141202735167 0.0006641804028336297
-0.0033722225075389126 0.0012455579589371933
0.024924045890344405 -0.005969148122479098
0.01569972668251004 0.013639380738435061
-0.007998833688094847 -0.005973593732648005
-0.0020996921243260002 0.03958866632285442
-0.006274864560976297 0.03424254063453896
-0.03488229552804392 0.008014394417675716
-0.00432145344696081 0.014862013415102536
-0.028266465309741598 -0.0031166919003552907
-0.016638657745617947 0.004125344701859568
-0.023997948846376634 0.017750254740281763
-0.0019288276484336982 -0.014041561214326924
0.04386712212365066 -0.007102285517728665
-0.0018484579356624767 0.01958123266430755
0.02523522877735652 0.009636551996389058
-0.00894613389037086 0.06431060459174098
0.02727869145555373 -0.030455780468281336
0.004915198822608822 -0.009807508526554407
-0.01453048659554531 0.027681310820026395
0.009062636096794799 0.025301429454985713
-0.01061206727883402 0.023369759803647715
0.009542648947406725 -0.030880469284545662
2.7749063871862855e-05 -0.039158218215510986
0.005800592104825 -0.007525676500954279
-0.01691789595868606 -0.017751687978590263
3 0
1 8
2 8
2 3
2 0
1 8
3 0
4 4 8
1 7
4 1 8
4 5 2
2 8
4 9 8
4 6 0
2 8
2 9
3 5
1 7
1 9
3 0
4 8 5
1 3
1 6
3 0
3 5
1 6
4 1 9
4 3 8
2 6
4 0 1
4 3 5
2 7
3 1
4 1 5
3 5
2 1
3 2
2 6
4 4 5
4 5 2
4 9 4
1 7
4 0 2
4 5 3
4 9 4
4 2 1
3 5
1 5
2 5
1 5
3 7
1 5
4 4 7
4 9 5
4 7 8
3 6
3 5
4 1 0
4 7 5
4 5 8
4 7 3
4 4 1
1 3
3 4
4 2 3
3 9
4 7 2
4 4 0
4 4 2
1 3
4 2 3
1 2
1 5
4 7 8
1 1
2 3
4 0 3
2 6
2 7
4 6 1
4 4 6
1 0
1 8
1 2
4 5 6
4 1 4
4 4 1
4 9 8
4 3 4
1 1
3 3
1 4
2 6
3 5
3 5
2 3
2 5
4 3 6
3 1
3 1
4 0 3
3 5
3 8
1 5
3 3
1 8
2 7
3 5
1 7
1 7
1 8
4 7 8
4 9 1
3 2
3 9
3 4
3 8
4 0 1
1 4
3 5
3 9
1 5
1 7
4 4 7
2 3
4 5 7
3 5
1 2
1 2
1 5
4 2 5
1 2
2 6
2 1
1 8
1 9
3 5
3 5
3 6
2 3
4 4 7
2 1
3 3
1 0
4 0 7
2 5
1 8
3 0
3 0
4 2 3
4 8 7
3 5
1 6
2 8
1 7
3 4
1 9
2 3
4 8 2
3 0
1 8
2 3
4 8 9
4 4 1
1 8
3 3
4 8 4
4 7 8
3 3
4 7 4
3 3
1 3
1 8
3 7
3 7
2 6
4 0 5
1 1
1 0
2 0
1 4
3 6
4 8 2
1 3
2 4
2 7
3 8
3 9
2 7
4 3 9
2 2
2 2
4 7 1
2 7
1 2
1 9
4 4 6
1 7
2 5
2 0
1 3
2 7
2 6
4 2 0
1 8
3 4
3 7
1 4
4 7 3
2 4
3 6
3 8
1 0
1 8
3 2
4 9 2
4 9 0
3 2
3 9
1 1
4 1 0
2 2
1 4
2 1
3 4
4 4 0
2 7
2 8
2 7
3 4
4 2 3
3 7
2 5
3 9
2 2
3 4
1 8
1 2
2 8
4 3 1
4 3 2
2 9
4 7 1
2 6
3 6
4 2 9
3 0
3 5
1 7
2 6
4 2 4
3 8
1 8
4 4 0
2 8
2 9
1 8
2 7
1 9
2 4
1 3
2 4
1 3
1 4
4 2 3
4 0 1
3 4
3 6
3 3
3 3
4 6 1
1 1
1 7
4 4 2
2 3
3 2
3 3
4 8 3
1 5
3 1
4 8 9
4 0 5
2 6
3 6
3 4
4 8 4
1 2
1 2
3 2
1 5
3 4
1 3
3 6
4 1 0
1 2
4 6 5
1 4
3 1
3 1
2 8
4 5 2
3 9
3 6
3 2
2 3
1 8
4 3 2
3 9
2 7
3 1
1 4
2 2
4 5 9
2 1
2 9
2 7
3 8
4 0 1
1 7
2 6
3 5
4 1 0
4 9 1
3 2
3 4
3 7
3 2
1 8
4 8 0
3 8
4 1 8
2 2
3 5
2 6
2 4
1 3
1 7
3 3
1 5
1 7
1 7
3 1
4 8 3
2 7
1 8
4 5 6
4 1 2
4 2 9
2 2
2 2
2 2
4 8 1
3 1
3 1
4 7 8
2 1
4 8 0
4 2 3
3 8
3 1
3 3
1 1
2 0
2 8
3 9
1 7
3 8
1 4
3 6
4 7 8
1 4
2 2
3 7
3 9
1 7
1 7
1 0
3 1
4 0 7
4 7 4
2 6
3 5
3 4
3 9
2 2
4 0 8
3 2
2 1
2 5
3 9
4 7 5
2 6
4 6 2
1 6
1 9
1 3
1 9
1 9
3 7
4 1 3
1 9
3 9
3 6
2 3
2 0
4 4 5
4 9 4
4 0 5
1 8
3 4
3 4
3 8
3 5
2 7
4 3 4
4 5 3
2 3
3 6
1 9
4 1 2
3 7
3 0
3 8
3 0
1 3
2 0
1 8
3 3
1 9
1 5
4 8 3
4 4 2
3 0
3 5
1 4
4 9 3
1 5
4 5 3
3 3
3 4
4 2 3
3 6
4 0 2
3 7
2 8
4 4 8
1 9
2 6
2 4
2 8
1 6
4 7 4
1 7
2 3
1 1
4 8 9
3 1
1 0
3 5
4 9 8
3 2
1 6
2 9
3 1
3 2
4 4 8
2 9
1 0
4 3 0
1 9
3 9
2 7
2 9
1 8
1 3
1 4
4 3 9
2 4
1 6
1 8
1 5
1 5
4 9 2
2 3
4 1 6
2 3
4 9 2
1 9
3 4
2 1
1 4
1 2
2 0
1 5
3 3
2 7
4 6 3
4 5 4
1 0
1 3
2 4
1 0
3 3
4 2 0
4 2 4
3 9
3 8
2 2
4 4 0
3 2
2 7
2 4
2 6
3 3
4 5 0
4 6 9
3 5
1 1
3 1
1 1
3 2
3 2
3 4
3 1
2 5
4 4 5
2 3
4 5 9
2 1
2 4
2 3
3 1
4 8 0
3 0
4 5 6
3 5
2 3
2 3
2 4
1 1
4 6 1
3 2
2 0
4 5 6
3 5
4 6 8
1 8
2 1
2 7
1 2
2 3
4 6 0
4 4 2
1 8
3 3
3 3
2 4
2 5
2 5
3 1
2 7
1 3
1 4
2 0
4 3 7
1 3
1 2
4 2 5
4 9 5
2 4
4 5 2
4 1 7
3 4
4 9 1
4 6 8
2 0
2 4
2 5
2 6
3 7
2 9
4 0 4
2 3
3 3
3 1
1 9
2 1
3 8
2 1
3 4
1 9
3 4
3 9
4 1 0
4 2 9
4 7 0
1 7
4 1 5
4 0 4
3 3
4 9 0
4 9 4
1 3
1 3
2 3
4 4 8
3 5
2 2
4 8 9
1 1
1 3
2 6
1 9
4 5 9
1 4
4 6 3
4 1 0
1 0
4 6 8
3 2
3 7
1 3
2 3
4 9 3
3 9
1 9
2 0
4 4 1
2 8
3 1
2 4
2 6
3 1
4 6 7
1 3
1 0
2 9
4 2 7
3 6
3 6
4 7 0
4 7 8
3 1
3 7
4 4 8
3 9
2 2
2 8
1 6
1 6
1 0
4 2 4
3 3
3 8
2 2
4 3 6
1 2
3 9
4 1 8
4 1 2
3 5
2 4
1 7
2 7
4 8 9
2 1
4 2 1
3 6
2 3
1 2
4 7 6
1 1
2 4
3 5
3 9
1 6
3 4
3 0
3 1
3 5
3 1
3 3
3 5
3 1
2 2
2 7
1 2
2 9
3 4
2 8
2 9
1 8
3 9
4 9 5
3 5
3 0
4 2 5
4 0 8
3 5
1 9
3 7
3 5
4 5 4
2 5
3 8
4 1 0
3 0
2 6
3 7
1 5
4 3 1
4 6 3
2 6
1 1
2 2
3 8
2 6
4 2 6
3 2
3 8
2 4
3 0
4 6 2
1 4
2 5
4 4 2
2 4
2 1
2 6
2 4
2 8
2 9
4 6 9
2 0
3 1
3 2
3 7
1 5
4 8 2
2 9
2 4
4 3 1
4 2 7
3 7
2 0
3 8
3 9
2 0
2 8
4 3 4
1 9
1 1
2 2
4 3 9
4 3 4
3 2
3 3
1 6
3 4
4 1 5
4 9 8
2 2
4 8 7
2 5
3 0
1 3
2 6
3 2
4 0 2
2 5
1 4
3 9
3 8
3 5
2 7
3 3
4 5 7
4 4 1
4 5 9
2 4
2 7
3 9
3 6
1 2
3 0
3 8
1 4
4 7 6
1 8
3 4
2 0
3 4
3 9
3 2
1 4
1 1
1 8
2 7
1 4
4 8 9
4 5 1
1 7
2 4
2 1
3 6
3 4
3 0
4 7 3
3 7
3 6
1 1
4 3 9
2 1
2 7
2 9
1 1
3 9
1 9
1 0
4 5 3
3 2
2 6
3 7
4 5 6
4 6 5
1 3
2 2
2 1
1 1
4 8 9
4 8 5
3 9
1 0
3 8
4 6 9
1 0
4 4 2
2 2
1 8
2 5
3 3
2 0
1 7
4 3 8
4 8 5
2 2
3 7
2 9
2 2
4 9 8
3 8
1 9
2 5
2 4
1 6
1 7
3 4
4 4 3
2 6
1 8
3 0
2 4
3 4
4 8 0
4 1 2
2 3
1 9
1 0
2 6
2 4
2 0
4 0 1
3 7
1 8
2 8
2 2
2 6
4 6 3
3 4
1 8
4 0 4
3 7
3 5
1 1
1 9
1 0
2 0
4 3 1
1 3
3 0
4 0 1
2 4
2 6
3 3
2 9
2 9
3 5
1 1
3 3
4 7 1
3 8
2 5
3 2
2 0
4 7 4
2 3
4 3 9
3 2
2 3
2 1
2 8
3 3
1 1
4 7 0
4 0 3
1 6
3 0
4 2 5
1 1
1 3
3 6
4 0 6
3 8
2 4
4 4 3
3 0
4 6 1
2 1
3 2
2 8
3 1
2 0
2 2
2 9
3 9
2 8
3 8
3 7
1 7
3 2
1 9
4 0 7
3 1
1 7
4 7 9
3 2
2 5
2 4
3 1
1 4
3 8
1 7
4 3 4
1 6
4 4 7
1 8
4 6 3
1 3
4 5 3
3 6
3 6
4 3 7
1 3
3 0
2 2
4 0 3
1 9
1 1
3 7
3 6
3 3
3 2
3 6
1 3
2 2
4 7 0
2 1
1 5
2 3
4 7 4
4 1 4
1 5
1 2
1 6
4 4 5
4 8 1
1 5
3 6
2 9
2 1
4 3 9
3 6
3 1
4 5 8
3 4
1 3
1 6
3 9
4 3 8
1 2
4 4 5
4 6 4
2 3
4 8 6
4 0 9
4 2 1
4 6 9
3 5
2 5
3 7
1 3
1 7
2 8
1 8
1 5
2 3
1 2
2 5
3 3
3 5
2 4
4 1 3
3 7
3 4
3 7
4 9 6
2 2
4 5 0
4 1 8
2 0
4 3 1
1 8
4 5 7
2 5
2 4
4 6 7
2 8
2 9
1 1
1 8
1 2
2 7
3 5
4 3 6
4 3 8
2 5
3 6
3 6
2 1
3 6
1 0
4 1 2
1 3
4 0 3
1 4
2 3
2 5
4 7 6
4 2 4
1 4
4 7 8
4 3 4
2 6
2 0
3 6
3 5
2 8
4 6 7
3 7
2 4
1 0
3 1
3 1
1 4
4 5 3
3 0
1 5
1 6
3 4
3 5
3 2
1 0
1 3
4 5 2
4 4 8
2 5
3 3
3 1
4 0 9
4 1 2
2 2
2 4
2 2
1 6
3 3
1 3
1 5
2 7
1 5
2 8
2 6
3 3
1 0
2 5
2 0
1 7
1 2
4 3 5
2 8
3 7
3 1
1 1
1 4
3 2
2 6
2 1
4 8 9
2 7
3 6
2 3
2 3
2 3
3 7
1 4
4 5 7
3 9
2 9
3 1
4 0 2
2 1
1 3
3 5
4 4 3
1 9
3 9
4 6 4
4 2 0
3 6
4 0 1
4 7 0
4 9 4
1 7
1 9
3 1
4 7 6
4 2 7
2 4
1 9
4 1 5
3 3
3 6
3 8
3 6
2 9
4 4 5
2 1
3 1
3 9
2 0
2 3
1 4
4 2 9
3 9
2 1
4 4 2
4 0 5
3 1
3 8
3 8
1 9
2 1
3 9
3 4
2 6
3 8
3 2
3 7
1 1
1 9
2 1
1 9
4 2 3
2 0
4 5 6
3 6
4 1 4
2 9
2 0
4 6 1
3 3
4 6 7
1 7
3 2
2 5
2 0
3 0
1 1
4 7 3
1 4
2 3
4 7 8
3 5
2 8
1 6
2 0
1 7
1 8
4 6 7
4 4 5
2 0
3 4
3 9
3 0
1 0
3 3
3 0
4 2 9
3 9
1 5
4 6 2
3 9
4 7 5
2 7
3 5
4 1 0
1 4
3 1
4 8 1
4 5 3
1 6
3 1
2 6
1 1
1 3
1 9
3 1
3 4
1 0
4 2 3
1 1
4 9 5
2 2
4 8 1
2 6
3 8
1 7
3 4
3 0
2 7
4 1 2
2 7
4 8 6
2 1
2 1
3 4
1 6
3 1
3 4
2 1
3 3
1 7
1 0
2 5
3 4
1 9
4 9 7
1 5
3 6
1 7
1 9
3 5
2 8
2 8
3 5
4 5 7
2 1
3 3
1 2
2 7
3 1
2 7
1 0
1 2
4 9 8
3 3
3 0
2 5
2 1
2 7
4 5 8
4 5 7
2 9
2 9
2 0
1 6
4 4 7
4 1 2
4 4 8
4 2 8
2 3
3 5
3 7
3 2
3 0
3 8
3 1
1 1
4 0 1
2 1
1 6
1 5
4 5 2
2 5
2 8
3 3
1 9
4 1 9
1 3
4 2 9
3 6
4 3 0
1 4
4 1 0
1 1
1 2
3 0
4 2 0
3 0
3 0
4 7 4
2 5
4 2 9
2 1
1 1
3 2
3 9
4 7 8
4 9 6
3 4
2 0
4 7 4
4 9 0
4 8 4
3 3
3 5
1 8
3 9
3 1
2 4
2 2
1 2
3 3
1 0
4 1 5
2 7
2 5
2 2
3 1
1 3
3 7
2 5
2 7
4 6 8
1 2
3 2
2 6
2 6
2 2
1 9
1 0
2 6
3 7
4 3 2
1 5
3 7
3 1
2 4
3 4
2 1
1 3
1 8
2 7
2 4
1 7
4 8 1
3 4
3 7
2 6
4 0 9
2 0
1 1
1 8
4 6 7
3 0
2 9
1 3
1 5
2 5
4 7 3
1 6
4 7 1
1 5
3 5
2 2
2 6
1 5
3 8
1 4
1 0
2 2
4 0 7
4 1 0
3 4
4 7 9
1 7
4 3 2
2 2
4 1 7
2 9
2 0
3 2
1 9
2 1
2 6
1 5
2 7
4 7 5
3 0
4 6 3
3 5
3 4
3 4
4 7 8
3 8
3 2
3 5
1 4
1 7
1 1
2 6
1 3
3 6
2 4
3 7
2 2
4 0 4
1 1
3 5
1 7
3 4
2 1
1 6
2 5
2 0
2 2
2 8
1 2
4 6 9
3 6
4 3 4
2 1
4 7 8
1 9
3 0
1 3
4 2 8
3 4
2 0
3 9
3 4
4 4 6
3 1
4 0 1
1 4
2 4
1 7
4 5 3
4 4 1
1 8
3 2
2 5
1 3
3 8
1 7
2 6
4 6 4
3 0
2 2
1 5
4 6 7
3 0
3 9
3 3
3 4
3 8
3 4
1 4
2 5
2 0
4 3 7
4 2 1
2 3
4 5 6
2 8
3 4
3 7
3 5
4 7 0
4 1 9
4 8 7
1 8
1 4
1 6
2 7
4 9 2
2 8
4 6 7
4 3 7
1 8
2 1
1 8
2 2
2 3
3 6
3 9
3 0
1 4
2 3
2 1
2 6
1 1
2 9
3 0
1 2
3 6
4 3 5
1 5
2 0
1 5
3 6
4 1 9
2 6
3 2
1 5
4 4 9
1 2
3 4
4 7 8
2 7
4 0 1
3 4
1 2
1 5
2 5
2 1
2 6
3 5
1 3
4 6 3
1 9
3 8
2 1
4 3 6
2 7
4 0 2
4 7 9
1 9
4 1 9
1 5
2 5
3 4
2 9
2 2
2 9
3 9
1 9
3 8
4 7 8
4 0 7
3 0
2 6
3 2
3 2
3 6
3 2
4 5 7
3 9
1 6
2 2
1 5
2 9
4 6 7
4 2 3
1 5
3 1
1 5
2 9
2 0
2 6
1 8
1 2
2 5
3 6
3 8
3 6
1 7
1 4
2 2
2 8
1 9
4 1 8
4 3 5
4 9 4
1 8
2 8
4 2 3
4 1 7
3 0
1 0
2 5
2 6
4 6 1
3 8
3 5
2 7
4 7 6
4 3 8
3 3
4 4 3
2 9
1 5
4 1 5
4 0 1
2 1
3 0
2 3
4 0 2
2 9
3 8
2 8
1 0
4 7 1
2 7
2 9
3 5
4 7 3
3 6
1 1
3 7
2 3
3 2
3 1
1 0
1 8
3 2
1 6
2 3
2 3
2 6
2 0
1 0
4 1 0
3 6
2 5
2 0
4 4 3
4 9 6
3 7
3 7
2 8
2 1
1 0
1 8
1 7
2 7
1 5
2 4
3 0
2 4
2 5
1 2
2 2
1 7
1 8
2 5
3 2
2 3
2 5
2 7
3 7
3 8
1 4
4 3 0
2 6
4 0 2
4 1 8
2 9
1 5
3 5
4 9 7
3 0
4 7 6
3 9
2 1
1 7
1 9
4 9 2
1 0
1 0
2 0
2 8
3 4
2 5
4 4 2
4 4 1
1 6
3 5
3 6
2 8
4 3 0
2 0
1 4
1 8
4 8 2
2 8
3 1
4 0 1
2 3
4 2 7
2 7
1 0
1 4
2 4
4 3 7
3 8
1 1
1 2
3 8
3 0
3 1
1 3
3 8
3 4
1 8
4 6 9
1 5
1 0
2 9
1 7
4 2 6
3 3
2 4
1 6
1 0
2 3
4 7 8
2 5
1 0
4 5 6
2 0
3 1
1 8
2 4
2 3
3 0
4 4 5
3 7
3 3
4 1 0
3 8
4 3 9
2 9
3 6
1 1
3 7
3 0
3 3
2 0
4 8 6
2 9
2 7
1 3
2 2
1 0
1 3
2 6
1 1
1 0
4 3 6
1 1
1 7
1 8
2 0
3 2
2 3
3 0
2 6
1 3
3 3
3 3
1 6
4 8 0
3 8
4 8 6
2 0
3 5
4 0 1
4 8 9
3 0
1 2
4 0 1
2 2
3 2
1 4
4 6 8
1 6
3 1
3 0
2 4
2 6
2 4
4 1 3
2 7
3 3
1 2
1 8
3 9
2 0
3 5
1 0
1 9
3 1
4 4 5
2 3
4 0 2
3 2
3 3
2 1
3 1
4 6 8
2 0
3 2
2 2
3 1
3 3
2 4
1 1
2 0
2 9
2 1
1 5
2 7
2 3
4 2 9
2 0
4 3 2
1 3
3 7
4 1 2
3 4
3 4
2 5
2 8
2 2
1 3
3 9
2 8
2 4
4 6 0
2 7
3 2
1 5
2 3
2 9
1 5
3 7
3 7
2 0
4 9 8
4 2 4
1 4
4 1 3
4 2 5
3 0
4 4 8
1 2
3 2
3 7
3 5
3 2
1 9
4 5 7
4 5 9
1 1
4 0 5
3 7
4 4 1
4 1 0
1 6
3 3
3 3
2 9
3 6
2 9
3 3
2 5
4 0 2
2 6
3 1
4 6 9
4 7 4
1 0
2 6
3 7
3 8
2 7
3 3
1 0
2 0
4 9 8
3 0
4 4 7
2 3
1 9
4 5 0
3 3
4 6 1
2 2
2 5
2 2
3 5
3 5
1 4
4 7 5
1 9
3 1
1 7
3 3
3 2
3 9
4 7 0
1 4
2 9
3 8
2 7
2 1
1 0
2 0
4 5 8
2 0
4 4 5
3 0
1 7
3 7
2 3
1 9
1 0
1 3
1 4
1 7
3 8
1 7
3 1
3 5
3 2
3 3
2 7
2 8
4 9 2
1 4
2 6
3 5
3 1
2 2
1 2
3 0
3 8
4 4 5
2 3
3 3
1 2
2 5
3 6
2 0
1 4
2 0
2 0
2 1
1 8
3 5
2 5
1 9
2 4
2 9
2 0
3 3
2 6
1 1
2 9
2 6
2 2
1 5
3 0
1 0
1 4
2 4
1 3
1 7
4 9 6
3 7
1 5
3 7
4 2 0
2 3
3 1
1 2
2 1
2 6
3 6
3 0
1 9
4 4 1
3 8
4 9 1
4 2 9
1 0
4 5 4
1 3
2 1
4 1 0
2 6
1 1
3 2
4 6 8
2 1
3 7
2 6
3 1
4 3 2
4 5 7
3 3
1 0
4 0 1
4 1 2
2 3
3 5
1 5
2 8
3 0
4 3 5
2 4
3 6
2 7
1 0
4 4 9
3 5
1 1
3 9
1 0
3 8
4 1 7
2 1
3 1
2 2
2 8
1 9
1 8
2 5
2 4
1 6
2 1
4 4 6
1 6
4 9 4
2 9
2 2
2 5
1 8
4 3 7
2 3
3 6
3 3
1 6
2 5
1 3
3 6
2 2
2 6
4 6 1
2 8
4 1 7
4 1 3
2 6
4 5 3
3 5
4 6 9
1 7
4 0 2
2 6
2 8
2 1
2 2
1 5
1 9
4 4 3
2 3
3 5
1 1
2 4
2 0
3 6
3 8
1 3
3 7
1 6
1 0
4 6 4
4 8 9
4 9 3
1 6
3 7
3 8
4 3 6
2 6
3 8
4 0 5
1 0
4 4 5
1 3
1 1
4 9 1
2 1
3 5
2 8
4 0 3
1 7
1 2
1 6
4 9 5
3 7
1 7
1 9
3 4
4 2 6
1 3
1 8
4 0 8
1 3
2 3
3 7
1 9
4 4 6
4 1 6
2 2
4 3 8
1 2
2 0
1 5
2 2
2 0
4 6 7
3 5
3 5
2 7
2 2
1 3
4 8 0
3 2
2 5
1 8
3 1
3 7
3 7
2 2
4 7 0
3 1
1 6
3 1
2 6
4 7 0
2 7
1 9
1 4
4 9 5
2 0
2 1
3 1
1 0
4 0 3
2 0
3 9
3 9
4 2 7
3 9
1 3
1 4
4 1 0
3 7
2 9
2 9
3 4
1 8
2 0
3 9
2 3
4 4 1
2 2
2 3
3 2
4 0 4
4 0 9
2 6
2 1
3 6
1 7
3 8
2 2
2 9
3 7
1 4
2 6
4 4 6
1 5
2 6
4 4 5
4 5 6
1 8
3 2
1 7
4 6 7
4 5 7
3 4
3 0
1 0
3 3
4 3 7
1 8
3 9
3 0
4 7 0
1 7
4 3 9
3 0
4 2 9
2 7
1 1
1 2
1 6
3 2
3 2
3 0
1 6
3 6
3 0
2 0
3 1
2 2
1 0
3 9
1 6
4 4 9
1 1
1 1
4 2 5
3 5
1 7
3 2
2 6
2 7
2 0
3 6
2 2
4 8 7
4 9 3
1 6
3 3
3 5
4 9 3
1 7
1 8
4 4 3
2 9
3 5
3 3
1 6
1 7
3 6
4 2 4
2 3
1 8
4 3 4
1 7
1 1
3 3
3 5
2 0
4 6 0
1 7
3 5
4 0 8
2 3
1 3
1 6
2 5
2 5
1 1
4 0 8
4 2 4
4 4 2
1 7
2 2
3 6
3 9
3 8
2 2
1 1
2 5
3 3
1 3
1 7
2 0
1 5
4 9 8
3 3
3 5
3 6
4 3 8
3 7
4 4 1
3 2
2 7
1 1
1 3
3 0
3 6
3 7
3 2
4 1 9
2 4
1 2
1 5
4 0 2
3 3
2 0
1 2
1 7
3 5
3 4
2 6
2 8
2 6
3 9
4 3 7
2 6
2 0
3 9
2 9
3 8
1 5
3 4
2 0
1 2
3 7
4 5 2
4 6 4
2 4
1 8
3 1
2 9
4 1 4
2 1
2 8
2 2
1 5
4 8 6
4 6 4
2 8
1 3
2 2
4 1 2
2 8
2 9
1 2
4 9 7
4 2 3
3 3
4 4 0
2 5
4 8 9
3 6
2 3
2 5
1 0
2 4
1 6
3 7
4 4 3
3 8
2 3
4 4 5
2 4
4 5 6
3 2
1 7
3 3
1 4
2 3
3 6
4 5 4
1 1
3 6
1 8
2 4
2 7
4 0 3
2 2
1 9
1 4
3 7
2 8
3 2
2 7
4 3 4
4 8 0
4 1 8
4 5 6
4 8 9
4 4 5
3 8
3 3
2 5
4 6 0
3 3
2 1
2 4
3 6
1 7
3 2
3 5
2 9
4 5 6
1 4
2 6
2 4
3 3
3 2
3 3
2 4
4 8 9
2 8
1 4
4 9 4
3 3
1 0
4 1 2
3 1
4 4 5
4 3 4
2 4
2 4
3 1
2 9
1 5
1 3
4 8 2
4 7 2
2 7
4 0 8
1 9
4 0 9
2 6
4 8 6
4 9 6
1 3
3 3
1 8
4 8 5
2 1
3 8
1 6
4 1 3
2 9
4 0 8
4 7 0
2 8
3 4
2 9
4 1 5
2 0
3 6
1 0
2 3
3 1
4 5 7
4 3 4
2 5
1 7
3 6
1 8
4 2 4
3 3
2 3
1 3
1 1
4 6 3
4 8 1
4 0 1
1 5
1 1
1 5
4 7 0
4 5 1
2 9
2 0
2 9
3 4
3 0
1 3
3 2
4 3 2
1 9
2 4
4 0 1
2 2
3 4
3 8
1 6
1 1
3 4
1 1
3 2
1 9
4 1 9
2 3
4 5 6
1 6
4 9 5
3 9
1 1
1 4
1 7
2 1
2 3
4 8 3
3 0
1 6
4 0 3
3 8
1 1
4 7 6
1 8
1 4
4 2 7
3 6
3 1
1 7
3 3
4 2 3
1 7
2 2
4 4 0
4 4 2
4 0 4
3 9
3 5
3 2
4 3 1
3 1
4 8 1
4 9 4
3 5
1 0
2 5
4 2 6
3 1
2 8
3 3
1 5
1 5
4 2 7
1 6
1 2
1 0
3 4
4 2 7
4 7 4
3 2
3 0
2 7
4 3 9
3 4
4 4 8
3 1
2 5
3 8
3 6
3 1
1 2
1 2
3 6
3 7
1 4
2 8
1 1
3 5
4 0 1
1 1
1 5
4 8 6
2 8
2 3
2 9
1 9
3 9
1 9
4 1 8
1 4
4 2 3
3 9
1 1
2 8
3 4
3 3
3 9
4 6 5
2 0
2 8
1 8
1 4
1 7
2 6
1 9
4 5 9
3 8
1 5
2 2
3 6
1 7
3 9
4 0 6
1 8
2 5
3 7
2 2
4 1 7
3 5
2 0
1 0
3 4
3 3
4 6 2
2 0
3 6
1 5
1 2
2 6
3 7
1 9
1 2
3 2
1 1
3 7
4 4 2
2 8
1 2
3 1
1 1
1 2
4 2 8
1 5
1 3
3 0
4 6 3
3 0
4 0 3
3 4
1 4
3 1
4 1 8
3 0
3 8
2 1
1 2
2 3
2 0
2 2
1 4
4 0 7
2 0
2 7
1 2
2 7
2 5
4 8 2
3 6
4 8 1
4 6 8
4 0 6
3 1
1 3
3 4
1 0
3 8
3 7
4 8 9
4 4 2
2 3
1 4
1 1
2 8
2 8
1 0
2 1
2 6
1 7
4 4 5
4 2 6
3 6
2 3
2 8
2 0
3 7
2 6
3 4
2 1
1 5
2 2
4 2 5
2 7
2 1
4 1 8
2 0
2 4
3 6
3 7
3 7
2 8
1 7
3 7
4 7 0
1 3
2 6
2 6
3 7
3 2
2 3
4 9 3
2 4
1 8
2 8
2 7
2 7
1 5
4 4 9
2 3
4 0 8
3 6
2 3
3 6
2 9
1 9
4 6 9
4 5 0
1 8
2 8
4 1 5
1 0
2 7
3 5
3 4
4 8 0
3 7
2 7
2 5
1 5
3 2
3 7
1 1
1 0
1 6
3 9
2 3
1 8
3 2
1 6
2 8
1 9
2 5
3 5
2 7
2 5
1 6
3 5
3 7
1 7
1 9
1 6
3 9
2 6
4 1 4
3 4
4 1 6
1 1
3 1
2 4
3 0
3 3
4 7 3
2 8
4 0 3
3 5
2 5
3 4
3 9
2 4
1 3
2 0
3 4
4 2 9
2 0
2 9
4 9 1
3 0
1 3
3 5
1 4
4 6 7
4 6 7
1 4
2 3
4 3 2
4 1 4
4 7 8
3 6
3 2
1 4
1 0
2 3
1 6
2 5
3 2
3 3
4 0 5
1 9
4 9 6
2 5
2 9
4 8 4
1 1
1 8
3 3
1 4
4 2 5
3 4
2 8
2 6
1 6
2 3
3 1
3 9
1 4
3 5
3 2
2 1
1 8
3 7
3 7
4 4 7
4 0 5
4 3 1
1 1
2 2
1 7
2 4
3 6
3 4
2 8
3 9
4 0 1
2 6
3 4
3 5
1 7
4 2 7
1 9
4 8 7
1 8
2 2
2 9
3 3
3 4
3 3
4 5 8
3 0
2 2
3 7
1 5
3 1
3 6
1 6
3 0
4 5 4
4 9 0
1 5
4 0 5
4 4 9
4 6 8
1 5
2 5
1 2
2 5
4 2 3
2 6
2 5
3 3
4 0 9
2 2
3 6
3 3
2 0
4 0 5
2 8
4 0 5
1 7
3 4
1 5
3 9
4 2 8
4 2 4
1 4
1 7
3 0
2 2
1 6
3 7
3 8
3 9
2 8
4 9 4
4 2 7
1 9
4 1 5
2 7
2 5
4 1 0
2 8
1 1
1 8
1 5
4 6 2
2 8
2 1
4 4 3
3 4
3 3
1 9
2 6
3 1
4 5 7
1 1
3 8
3 7
2 7
2 2
2 5
2 7
1 5
1 9
2 2
4 3 2
4 8 9
3 7
1 9
1 8
3 5
1 6
4 9 3
3 7
3 1
4 9 6
3 6
2 4
2 2
4 5 6
4 5 7
2 7
2 1
4 5 4
3 1
1 5
4 5 0
2 5
3 5
4 0 7
2 1
2 6
4 7 0
2 0
1 8
1 5
2 6
4 8 0
1 7
2 6
1 4
1 1
1 0
2 4
1 6
4 2 1
3 8
1 7
3 8
2 1
3 0
1 9
2 8
2 1
3 9
2 8
1 4
4 0 6
4 9 2
1 8
1 5
1 4
3 7
1 3
2 1
2 9
3 3
4 7 2
2 9
3 6
2 3
2 7
2 3
1 2
3 3
2 8
4 6 5
2 4
2 4
2 3
3 6
3 3
3 6
3 5
1 2
3 4
1 7
2 1
4 1 0
3 5
2 2
1 7
4 9 8
2 4
1 0
3 5
4 6 7
4 1 5
3 8
3 7
3 7
4 6 4
4 3 6
1 9
3 3
1 4
3 8
4 0 2
4 0 4
2 4
4 3 2
1 4
2 1
2 7
1 9
3 2
3 9
4 7 1
2 3
2 0
3 1
1 8
2 8
1 0
3 4
3 8
4 7 9
4 1 7
1 3
2 2
3 4
2 1
2 3
4 7 8
4 6 0
2 1
2 0
4 7 9
4 3 7
1 4
3 3
3 1
4 3 0
1 5
2 8
2 9
3 1
3 0
2 6
2 8
3 5
1 3
3 4
1 2
3 1
1 4
1 1
1 3
2 7
1 0
4 2 5
2 5
2 5
3 6
3 4
3 7
4 9 8
2 1
3 4
3 9
2 8
2 1
4 4 1
1 9
2 6
4 1 2
4 7 0
2 6
4 7 5
4 3 8
4 6 7
2 2
4 0 1
1 2
2 8
1 6
2 2
4 2 9
1 8
2 0
1 3
4 2 9
3 4
4 3 6
1 6
4 0 2
1 9
2 7
3 9
1 9
2 2
1 7
1 9
4 8 6
4 5 2
4 0 6
2 3
1 6
3 1
3 6
4 2 9
4 1 2
2 9
3 5
4 3 4
3 4
3 0
3 9
4 4 2
1 2
3 6
2 8
4 8 2
3 7
3 8
2 2
1 7
4 8 9
4 6 9
1 1
3 4
3 1
4 4 0
2 8
2 9
4 6 9
4 5 1
2 9
1 1
3 6
4 8 5
4 2 0
3 7
2 6
1 2
4 3 4
3 4
1 2
3 9
1 7
4 4 3
4 5 4
2 6
2 1
2 9
2 0
4 3 8
4 6 7
4 4 5
2 7
4 8 1
3 2
1 1
4 0 8
3 5
1 1
1 2
2 5
2 9
2 8
3 7
2 2
1 8
2 6
1 2
4 2 5
2 3
1 6
1 3
1 4
3 3
3 4
4 2 8
2 6
1 0
4 1 0
4 7 6
2 2
1 3
1 4
1 3
4 0 3
1 5
3 8
1 6
1 4
4 1 2
3 8
4 3 7
4 8 7
1 8
2 3
4 8 9
1 3
3 6
4 1 2
1 5
3 1
1 1
4 0 2
1 8
4 6 8
3 5
3 9
2 2
4 9 7
2 6
1 8
3 8
3 7
1 8
4 8 1
4 2 0
3 9
2 9
1 7
2 5
1 4
1 2
4 7 1
2 0
4 8 0
4 8 9
1 5
4 8 5
3 9
1 9
3 6
3 2
4 9 1
2 2
1 1
2 2
4 9 2
1 1
1 0
2 5
2 7
2 7
1 3
1 9
2 0
1 6
4 4 1
4 7 8
1 6
4 8 5
4 9 1
3 8
3 2
3 3
2 5
2 7
3 3
1 7
3 1
3 5
4 0 1
1 9
3 4
4 0 2
2 0
1 5
3 4
3 2
4 8 3
3 0
3 0
4 1 3
3 5
1 8
4 3 7
1 6
4 6 7
4 7 1
2 0
4 8 2
3 6
3 3
4 0 1
3 0
1 1
3 7
3 2
3 4
3 2
2 8
2 9
2 0
4 3 5
3 8
4 4 9
3 8
2 9
2 3
2 7
2 4
3 7
2 4
2 9
2 1
2 6
1 4
4 1 9
2 1
4 0 6
4 8 3
1 0
1 0
3 7
4 3 4
4 3 6
4 4 8
3 0
1 9
3 8
2 3
4 1 2
3 4
1 5
2 1
2 3
3 0
2 9
1 5
1 8
2 2
4 3 5
2 8
2 4
4 3 1
2 6
3 3
4 6 8
4 1 0
4 9 5
4 8 9
2 6
4 4 8
1 0
3 2
3 6
1 3
3 3
2 8
1 3
1 8
2 3
2 6
4 3 5
4 0 4
3 2
3 5
1 3
3 3
3 9
3 0
3 5
1 8
4 2 0
2 4
1 8
4 0 5
1 2
2 8
2 8
4 9 5
3 0
3 7
4 9 4
1 8
1 1
2 5
1 7
4 3 4
1 1
4 6 8
3 0
1 7
4 3 7
2 3
4 1 8
2 1
2 3
1 6
3 6
2 7
2 6
4 3 5
4 6 4
2 5
3 6
2 5
4 2 7
2 6
2 5
2 2
4 6 5
2 0
2 3
2 9
4 7 9
3 5
4 4 9
4 1 8
2 7
3 8
4 4 9
4 4 3
3 3
2 8
1 0
1 8
4 2 5
4 2 5
1 2
4 5 8
1 3
3 6
2 5
2 6
4 1 5
1 1
2 5
1 7
1 0
2 0
1 0
4 2 5
3 4
1 1
4 1 8
2 1
2 4
4 6 7
2 9
4 3 4
3 8
3 2
4 2 5
1 3
4 2 3
3 4
4 5 4
4 9 2
3 6
3 6
2 6
1 8
4 6 0
3 4
2 6
4 1 4
4 9 1
2 1
2 0
1 9
3 9
2 8
1 4
1 1
1 2
1 5
2 1
1 0
2 4
4 3 7
4 3 0
2 0
3 0
2 7
4 7 6
4 4 8
1 4
4 0 9
4 9 8
4 5 4
2 5
4 1 2
2 9
2 3
2 9
2 0
1 2
2 1
2 3
1 6
3 1
1 8
2 2
3 5
1 6
2 5
4 8 5
4 9 8
2 5
1 0
4 7 3
3 8
4 5 9
4 5 4
3 6
4 1 4
1 4
2 5
4 3 2
2 1
3 9
3 7
3 5
2 0
1 0
4 1 4
2 2
2 9
2 3
1 2
1 7
3 0
1 1
2 1
3 9
4 7 9
2 2
4 0 3
1 4
1 7
2 9
3 7
3 5
3 2
2 2
2 0
2 9
3 0
1 1
2 0
4 3 7
3 3
2 2
4 4 1
1 0
4 4 6
1 0
3 7
2 6
1 7
4 4 7
4 3 8
4 6 0
1 3
2 9
1 5
4 2 7
3 4
4 9 7
2 6
4 0 3
4 8 9
3 2
3 3
3 9
4 4 5
3 9
2 6
4 9 3
4 2 7
1 1
2 1
2 8
1 9
1 6
1 9
2 0
4 1 4
1 0
4 8 9
3 0
1 5
1 1
4 7 6
2 1
4 5 8
1 7
1 3
1 0
1 0
1 5
2 0
3 6
1 6
3 6
4 9 4
3 7
3 4
2 3
4 8 9
3 9
2 6
3 6
1 0
1 1
1 9
3 4
4 5 9
2 2
1 4
1 4
4 7 0
3 3
4 1 3
3 5
4 4 3
1 3
1 4
4 2 3
2 1
2 3
3 6
3 9
3 6
2 6
1 9
1 8
2 5
2 5
3 2
2 6
3 2
4 4 8
1 0
1 0
3 8
1 1
1 4
2 7
3 2
2 5
3 1
1 1
2 9
1 3
2 9
1 8
3 3
3 2
2 1
1 5
4 3 8
3 6
2 0
1 1
1 6
1 6
4 9 8
3 2
2 2
1 3
4 3 4
2 1
2 4
1 1
4 7 8
3 8
3 5
1 3
3 6
4 5 9
1 8
1 1
3 0
3 1
1 6
1 1
2 2
2 6
3 9
4 4 0
4 4 9
1 1
4 1 0
4 0 8
4 6 3
1 8
2 8
4 7 2
4 1 2
2 3
4 6 4
4 7 2
4 3 4
4 6 4
4 7 4
4 6 7
3 9
2 0
4 0 9
3 3
2 5
1 7
1 4
2 4
2 9
4 1 3
4 7 0
3 1
2 7
4 5 0
2 1
3 8
3 0
4 8 9
2 5
3 6
3 2
2 6
1 5
3 3
3 7
1 9
4 6 9
1 3
2 6
2 5
2 3
3 0
1 3
3 4
3 4
3 6
3 5
4 0 1
4 0 7
4 2 1
2 0
4 9 5
1 9
1 1
4 3 4
2 5
1 8
2 4
3 9
3 7
2 9
3 7
1 7
2 0
1 9
3 1
1 4
3 2
3 9
3 3
1 2
3 5
2 6
1 0
4 6 7
1 6
4 4 7
3 8
1 0
2 6
2 2
1 1
1 4
2 5
3 3
3 2
2 8
1 5
2 9
2 2
2 7
1 6
2 4
4 2 0
2 7
3 7
3 2
4 9 7
4 6 5
1 4
3 5
3 0
1 4
1 2
4 5 1
4 4 8
3 6
2 6
2 1
1 8
1 9
3 8
1 4
4 6 4
2 6
4 8 5
3 9
2 8
2 9
4 7 2
4 1 6
1 9
3 1
4 0 8
4 8 2
1 3
3 0
3 8
3 6
3 8
3 5
4 8 5
4 1 4
2 0
4 9 8
1 1
1 3
3 7
3 0
3 9
3 8
4 4 7
4 3 1
2 1
3 0
1 3
4 0 2
1 6
2 5
4 4 6
1 4
3 9
4 4 7
2 1
2 6
2 0
1 0
2 4
1 5
2 3
1 1
1 8
2 9
3 2
2 1
4 1 3
4 9 4
3 1
4 2 9
4 4 3
1 9
3 2
4 1 5
2 6
1 9
4 5 0
3 1
3 7
4 1 6
3 1
1 2
2 9
2 5
1 0
3 9
4 9 7
2 5
2 7
2 5
1 8
2 4
3 8
4 2 6
3 7
2 7
2 3
2 3
1 3
3 4
4 8 9
4 5 6
4 8 4
3 9
4 7 9
1 1
3 5
1 3
3 7
4 1 0
3 5
2 4
2 7
4 0 1
1 5
3 8
1 7
3 5
1 8
4 2 7
2 5
1 8
2 4
4 1 0
4 7 8
4 1 5
4 8 2
1 1
1 3
2 1
2 3
1 8
2 2
2 1
4 7 8
4 2 1
3 5
1 9
3 9
3 4
4 3 4
1 7
3 8
1 0
1 4
4 0 7
2 5
1 5
1 7
3 1
3 8
2 3
3 5
1 4
1 2
4 8 3
4 4 3
1 7
4 3 1
2 6
4 7 1
1 4
2 2
1 1
3 0
3 3
3 8
1 9
1 1
2 3
4 1 7
4 3 4
1 2
3 6
3 8
2 2
1 5
1 5
3 6
1 8
2 6
2 2
2 1
1 3
2 7
4 6 7
1 0
1 5
4 0 4
1 7
2 4
2 7
4 6 5
4 4 9
3 9
3 0
2 6
4 1 3
1 9
3 0
2 5
3 4
2 5
4 9 2
1 5
2 5
3 9
1 4
2 2
4 2 8
2 1
2 3
1 5
2 8
2 3
2 6
1 7
3 5
2 5
3 5
2 1
2 8
1 7
2 5
2 3
3 0
1 8
1 5
3 9
2 7
3 4
3 4
4 4 2
2 5
2 5
4 4 5
3 7
1 3
1 0
4 0 1
4 3 4
1 5
1 6
1 6
4 7 6
2 1
3 6
3 0
2 3
3 5
4 8 0
3 9
4 7 0
4 0 5
1 1
2 7
2 2
2 2
4 2 1
1 2
2 2
2 2
1 2
3 8
2 3
1 9
4 1 0
4 8 2
2 9
1 8
1 3
1 5
1 3
4 0 2
4 2 1
4 8 3
2 0
4 2 6
4 6 2
3 5
3 5
4 7 8
4 8 9
4 0 1
3 4
3 8
3 0
4 1 3
1 7
4 2 4
1 0
3 7
2 9
1 3
4 0 2
2 7
1 4
4 6 9
1 9
3 5
4 4 3
3 0
4 9 8
4 4 3
2 0
3 7
2 7
1 2
3 8
2 9
3 4
2 2
2 0
1 0
2 6
4 8 9
2 0
1 0
2 9
3 2
4 8 6
3 6
2 9
3 5
3 9
3 9
1 6
2 9
2 7
2 5
4 1 0
2 2
4 1 0
2 4
3 9
1 7
1 1
3 0
1 9
4 8 9
1 2
1 4
1 3
1 2
3 5
4 4 6
3 4
4 4 3
3 4
2 0
4 8 2
2 2
2 0
3 8
4 7 6
3 5
4 0 3
1 0
1 9
1 8
3 9
3 8
1 4
3 6
3 6
2 1
2 3
4 2 7
2 1
1 5
4 8 3
2 5
3 4
3 8
3 0
1 1
2 0
2 7
1 1
2 1
1 8
4 0 1
3 8
4 3 4
3 5
1 0
1 9
3 9
1 9
4 4 5
1 5
2 6
2 2
1 8
4 0 7
3 5
1 3
2 3
1 1
2 1
3 8
2 4
1 6
2 1
2 1
3 1
3 3
1 8
4 9 3
3 9
4 6 9
1 2
4 7 5
1 8
1 1
4 9 3
3 8
4 7 0
2 2
1 7
1 3
2 1
2 7
4 8 6
1 1
1 1
4 7 3
3 8
1 8
2 5
1 1
4 1 6
2 7
4 4 8
1 0
3 1
4 4 1
4 9 2
3 4
1 7
3 0
1 6
1 5
2 3
1 7
4 0 9
2 9
4 8 3
4 0 6
3 9
1 3
4 2 4
1 6
2 7
2 7
1 0
2 6
2 7
2 4
3 6
2 8
2 8
3 2
4 8 2
2 2
2 9
3 5
4 6 0
1 1
2 9
4 7 8
2 7
4 3 4
3 8
1 3
2 7
1 4
4 6 7
4 8 1
2 8
2 8
1 2
3 7
1 7
4 7 9
4 4 7
4 4 8
3 2
1 5
2 2
1 1
1 2
3 5
4 9 2
3 0
4 8 9
4 8 1
4 5 9
1 0
2 4
4 8 0
4 3 9
1 9
3 2
2 1
3 8
1 1
2 0
2 9
2 1
3 7
2 1
3 1
2 1
2 3
2 3
1 9
1 0
2 5
4 2 1
4 6 8
3 4
2 2
3 8
2 0
3 0
3 2
4 6 1
3 5
4 8 6
2 3
3 7
1 5
4 2 7
1 8
3 0
2 3
1 7
4 0 3
2 4
1 9
3 5
3 1
4 4 2
4 1 0
4 1 5
2 2
3 8
1 6
2 2
4 6 0
2 7
1 9
3 4
2 0
3 0
4 7 8
2 7
1 4
2 1
3 1
1 0
3 7
1 7
1 4
4 3 4
1 0
1 5
4 9 2
3 4
2 9
2 4
4 1 2
4 6 2
3 0
4 5 1
2 9
4 1 9
4 4 9
2 6
2 9
2 3
4 4 8
2 7
1 3
3 1
1 1
4 9 5
4 7 8
1 7
1 5
3 4
2 2
3 1
1 1
2 8
4 1 5
1 3
3 8
1 0
4 7 1
1 8
2 3
2 6
2 1
1 9
3 0
3 9
3 0
4 1 7
2 3
3 9
1 1
1 0
3 1
3 4
2 5
3 0
1 5
3 7
2 7
1 1
1 2
1 4
1 7
1 7
2 0
2 3
1 1
2 1
4 5 0
3 2
1 6
3 0
1 2
2 8
3 4
2 0
1 1
1 7
4 3 7
2 6
4 5 7
4 5 4
3 2
4 1 7
4 2 3
2 7
4 4 8
3 8
2 7
3 3
4 2 3
3 9
2 6
4 1 2
1 7
2 8
3 3
1 3
1 0
3 0
4 2 7
3 5
1 9
2 0
2 9
3 7
1 1
4 9 0
4 6 0
3 7
4 1 6
3 5
4 2 4
1 7
4 1 2
3 3
1 8
2 9
2 0
4 3 4
2 2
2 0
3 5
2 8
2 0
4 9 3
1 2
1 4
1 8
1 6
2 3
2 9
1 7
2 3
3 0
2 4
4 6 1
3 1
1 4
4 2 9
2 5
2 2
4 7 2
4 4 7
3 1
3 6
4 3 6
3 9
2 5
1 9
4 1 3
2 1
1 3
1 3
4 9 0
1 2
1 7
1 5
1 2
4 0 3
1 4
4 1 4
4 8 9
2 7
2 2
1 6
1 8
1 8
3 0
1 0
3 8
4 5 7
4 3 2
2 7
1 4
3 6
3 7
2 6
2 4
2 3
2 5
1 0
3 5
3 1
4 8 9
3 3
3 3
2 7
3 6
3 0
1 1
3 7
1 3
4 1 0
2 2
3 9
4 8 5
3 4
1 9
4 3 1
2 2
3 1
1 1
2 6
1 3
4 2 1
2 3
2 2
3 3
1 5
1 1
3 2
1 0
1 8
3 5
3 7
1 4
2 7
1 1
3 9
3 7
2 1
4 6 4
4 8 0
3 9
4 5 6
2 5
4 9 7
3 5
4 3 6
2 6
4 3 6
2 7
2 7
3 6
4 4 8
2 3
1 1
3 4
4 3 7
4 8 5
3 4
1 6
3 2
2 7
1 7
4 3 8
2 0
4 8 9
3 4
2 2
4 5 0
1 4
1 5
3 4
1 5
2 2
3 3
2 0
2 5
4 6 7
4 2 1
2 6
3 7
2 0
4 7 2
3 1
1 7
1 8
2 3
2 1
2 3
3 9
1 8
4 3 1
1 9
4 5 9
3 5
1 7
4 2 0
2 9
1 1
1 5
2 8
3 1
1 8
3 7
3 8
3 4
4 7 9
3 5
1 5
4 3 4
4 3 4
1 5
3 6
2 6
4 6 0
4 2 1
3 9
1 1
3 6
4 6 7
2 8
1 7
1 4
1 3
1 6
4 5 6
1 9
4 8 6
1 4
1 4
4 5 3
2 6
4 5 7
3 2
2 6
1 4
3 3
4 1 2
4 0 9
4 7 4
4 5 2
1 5
1 9
1 2
4 4 0
3 2
1 4
3 7
4 5 7
1 7
2 1
1 4
1 1
4 8 9
4 9 3
4 4 3
3 2
2 3
1 1
3 6
2 3
3 3
2 3
1 2
1 9
2 5
2 0
3 7
4 0 9
4 9 7
4 0 6
2 8
2 1
2 0
4 8 6
3 3
2 2
3 5
4 1 7
1 8
1 4
4 1 8
4 9 3
1 0
3 4
4 3 8
1 6
4 4 7
4 7 5
1 5
1 8
1 1
4 6 7
1 6
4 3 6
4 6 0
3 4
4 4 5
4 0 9
4 3 5
3 2
2 3
1 6
3 4
4 0 8
4 9 2
2 1
3 9
4 9 0
2 1
1 7
1 2
2 0
2 2
2 6
1 6
2 7
2 3
3 3
4 1 2
3 9
1 2
2 7
4 9 0
2 9
2 9
1 8
1 8
3 0
3 2
2 8
3 8
2 9
2 0
3 7
1 1
1 0
2 4
3 2
1 3
3 6
3 9
4 6 0
4 3 8
3 8
1 5
1 0
2 4
2 5
1 7
4 6 8
2 7
2 3
3 3
1 3
3 4
4 7 2
3 0
3 2
4 1 0
1 6
3 7
4 0 5
1 7
3 0
1 2
2 9
1 9
1 6
4 0 7
4 3 4
1 7
3 3
1 8
3 7
2 7
3 0
3 9
4 3 5
3 3
4 6 0
1 9
4 7 9
3 8
3 5
1 1
1 0
1 7
2 0
1 9
3 3
3 0
4 1 2
1 0
3 9
2 6
3 4
1 1
1 3
2 4
3 2
4 3 1
3 8
2 1
1 7
3 0
2 5
3 1
2 2
4 5 6
3 1
1 9
2 8
3 1
3 3
3 3
2 8
2 9
1 1
3 9
2 8
4 4 7
2 4
2 3
4 7 4
1 9
1 7
1 9
4 0 2
4 0 8
1 9
4 1 8
2 2
1 8
4 0 8
4 5 0
4 0 1
2 8
3 3
2 2
1 1
4 7 8
3 4
1 7
4 7 5
1 5
2 7
4 0 1
4 2 9
1 9
4 0 8
2 6
3 7
1 8
2 3
2 2
1 5
4 8 1
4 6 4
1 6
2 8
4 8 2
4 0 2
1 7
1 2
2 0
2 5
1 2
1 1
1 2
3 5
2 3
2 7
3 4
3 7
4 9 8
2 9
1 3
4 7 8
4 5 9
2 3
1 5
1 2
3 0
4 5 6
3 8
4 9 7
2 0
2 2
4 2 1
2 6
2 2
3 9
2 1
2 6
1 3
2 0
2 1
4 0 2
1 9
1 1
1 6
4 0 5
2 2
3 3
1 6
2 1
1 8
4 2 5
1 9
3 1
4 9 3
3 9
4 2 3
4 1 6
2 7
4 5 4
2 7
1 3
1 6
1 8
4 3 4
1 3
3 8
3 9
3 9
1 2
4 3 1
2 4
2 9
3 1
1 0
4 7 8
2 9
4 3 5
3 5
3 8
4 9 7
4 0 1
3 2
4 2 3
4 0 1
1 7
1 0
1 2
4 5 6
1 0
1 0
2 2
4 0 7
1 2
4 4 8
2 0
3 0
2 4
1 6
3 6
2 6
2 7
4 4 7
1 8
3 7
2 8
3 8
4 0 1
3 2
1 4
3 1
2 9
4 5 0
4 0 4
4 7 2
4 0 6
1 9
1 1
1 5
4 2 5
3 4
4 2 8
3 2
4 0 3
3 1
3 9
3 0
1 5
2 1
1 8
1 6
2 4
3 3
3 8
3 2
3 6
3 7
4 2 8
3 2
2 6
4 6 7
2 0
4 8 2
1 8
4 5 3
3 0
4 5 0
1 2
1 9
1 5
2 6
4 9 4
4 3 5
1 9
3 5
4 9 2
3 9
3 7
1 6
3 9
1 1
4 5 7
1 0
2 8
3 2
1 5
1 6
1 1
3 7
4 9 3
3 2
1 7
2 0
4 7 8
2 0
4 3 1
3 2
3 0
1 3
1 6
3 1
3 7
1 1
4 2 1
4 4 5
4 6 8
3 6
4 1 5
2 7
3 4
3 5
2 4
1 3
2 7
1 5
1 0
3 2
3 3
4 7 2
2 9
3 4
4 9 0
1 1
2 4
3 3
4 4 7
2 7
3 2
1 7
2 3
1 6
2 7
4 6 8
1 9
1 4
1 4
1 9
2 7
2 7
4 7 8
1 6
4 4 6
2 6
1 5
2 1
4 5 7
2 2
2 3
2 6
3 4
4 4 8
3 5
3 1
4 2 7
3 8
3 2
3 0
4 3 4
1 9
4 4 6
3 0
2 0
4 3 6
1 9
3 1
1 6
2 1
1 0
4 2 1
4 4 6
2 2
4 6 2
4 1 7
2 8
4 1 2
4 1 3
2 0
4 3 4
4 2 0
1 2
3 1
1 6
3 8
4 5 7
3 3
2 6
2 9
4 2 3
4 1 0
3 2
2 7
3 3
2 0
3 2
4 0 9
2 5
2 4
3 6
3 9
2 8
1 1
3 6
4 5 3
4 1 8
1 0
2 6
1 4
2 6
4 3 2
1 3
2 6
3 6
3 0
2 6
1 3
3 2
3 1
2 3
4 9 1
1 5
3 9
1 2
3 0
3 6
4 9 6
3 2
1 5
2 7
3 4
4 0 4
2 0
3 2
4 7 9
2 7
3 2
4 3 7
3 9
3 7
1 6
3 6
1 1
4 2 9
3 5
3 6
4 8 2
1 5
3 9
1 5
4 6 1
2 2
4 3 2
1 7
3 2
4 8 9
1 5
2 2
2 8
3 9
4 6 8
1 3
1 1
2 9
1 8
4 6 4
1 5
4 5 6
4 2 5
3 6
2 0
4 1 7
4 2 9
3 0
3 6
4 1 2
1 3
4 7 2
1 4
1 7
4 6 2
2 2
4 7 8
3 6
3 8
4 2 8
1 1
3 9
3 4
4 1 5
4 1 7
2 1
1 4
3 6
3 5
4 3 9
1 8
4 7 0
3 2
1 8
4 2 7
2 5
3 2
2 9
2 2
3 7
3 6
4 1 5
4 6 3
4 6 7
1 1
2 1
1 3
1 8
3 9
2 8
2 7
3 0
3 0
2 3
4 9 1
4 1 0
2 4
2 5
4 3 4
4 2 4
1 4
2 5
3 1
3 5
1 5
2 4
2 8
1 8
3 2
4 4 5
2 6
3 1
3 4
1 5
1 0
1 5
2 9
3 4
3 8
4 5 0
2 7
3 0
3 2
2 3
2 1
4 1 2
2 2
4 6 2
2 6
2 5
1 1
1 5
3 8
3 0
3 9
1 6
2 8
2 8
2 5
1 8
1 2
3 2
2 3
1 0
4 2 5
1 6
3 4
2 6
1 3
3 6
4 3 5
4 6 5
3 8
4 5 2
3 5
2 6
2 2
3 5
2 3
2 4
1 1
1 8
1 4
3 5
1 0
3 7
1 1
1 1
3 5
4 5 9
4 6 1
4 4 1
2 7
3 1
1 2
3 7
4 4 5
2 0
1 3
1 5
2 1
4 8 6
4 5 0
1 6
4 5 1
3 8
4 5 1
4 6 9
1 8
1 0
3 3
1 4
2 6
3 1
1 4
4 5 8
1 0
2 7
4 6 9
1 4
3 1
3 7
1 5
1 8
4 0 3
1 0
3 3
1 7
3 9
4 8 6
1 0
1 9
3 5
1 4
1 0
4 3 7
2 4
2 1
4 2 6
4 1 7
1 9
2 9
3 6
3 7
2 9
4 3 5
3 2
4 4 8
3 4
3 7
4 9 6
1 4
3 1
1 4
1 8
4 7 0
2 6
1 5
3 2
3 9
4 3 5
3 2
3 1
1 4
1 2
1 1
3 9
2 2
3 4
1 1
4 6 8
3 9
3 8
3 6
1 1
1 2
2 0
3 9
4 4 6
1 1
2 1
1 3
4 4 3
1 1
1 2
1 9
1 5
4 7 0
3 0
1 3
3 2
4 8 7
2 3
4 5 6
1 6
4 2 3
1 2
2 7
3 6
4 9 3
1 3
3 5
4 3 9
4 6 4
1 6
2 1
2 9
1 7
2 8
3 3
2 4
3 7
1 4
1 3
2 2
2 5
3 8
1 2
2 6
2 0
3 7
1 0
1 3
1 1
1 5
3 8
2 7
4 3 0
3 0
3 5
1 1
2 1
4 7 4
1 5
2 1
1 4
4 0 6
4 1 8
3 7
3 2
1 9
4 2 4
4 0 1
3 4
2 3
1 8
4 8 9
2 5
4 5 8
2 6
2 0
3 8
4 2 4
4 6 5
3 9
1 7
1 2
2 7
3 8
3 1
1 4
1 6
4 1 4
1 1
2 5
4 6 2
2 6
2 0
1 5
1 4
4 0 5
4 6 0
2 8
4 9 0
2 1
2 7
2 9
2 4
2 5
2 2
2 6
4 6 5
3 8
4 2 7
3 5
3 1
2 4
1 5
3 1
2 4
4 3 9
4 8 7
3 1
1 5
4 6 8
4 1 0
1 9
4 7 5
3 7
3 8
2 9
4 5 8
1 1
2 7
4 5 4
4 1 3
4 1 6
4 1 6
2 3
3 2
3 5
1 0
1 6
1 4
4 5 6
3 4
2 4
3 7
2 3
2 1
4 1 0
4 0 5
1 6
3 3
1 5
4 2 7
3 4
2 1
1 2
1 3
3 1
3 8
2 1
4 3 4
3 2
2 9
2 2
1 4
2 9
4 8 5
3 8
2 6
4 8 3
1 1
3 3
2 3
1 7
1 8
2 5
1 9
3 6
3 3
1 7
1 3
3 2
1 3
1 7
4 9 0
4 2 6
1 5
3 8
4 6 3
3 9
1 8
1 0
3 2
4 7 8
3 5
1 9
4 0 5
2 2
4 5 7
1 9
2 0
1 9
3 5
2 8
3 1
3 4
3 3
3 6
3 6
4 3 5
2 0
1 5
3 2
4 7 0
4 7 8
4 5 2
3 1
2 2
4 2 3
4 7 5
2 5
2 3
2 8
1 8
4 9 7
4 3 6
1 1
3 6
3 7
2 3
3 0
1 4
4 2 3
1 5
4 5 6
2 9
4 4 1
1 4
1 5
4 3 6
3 0
3 5
2 7
2 6
3 7
4 4 3
1 9
3 2
1 5
2 7
1 6
2 9
1 2
4 3 4
2 6
3 6
2 5
3 8
4 4 2
4 9 0
3 4
1 9
4 6 5
2 5
3 9
3 4
3 0
2 8
4 8 0
4 1 9
3 9
2 4
4 3 4
2 8
2 5
1 1
3 8
3 9
3 0
2 9
1 8
1 9
4 7 0
1 6
2 0
3 9
4 3 6
1 8
1 2
4 3 6
3 0
2 5
2 3
4 6 7
1 1
4 7 2
1 1
4 9 1
2 2
4 0 6
1 7
3 9
2 0
4 0 5
3 3
1 5
1 5
1 0
3 3
2 8
2 5
4 9 4
1 9
3 6
3 6
1 9
2 5
3 6
1 0
2 1
3 5
3 4
4 6 9
1 1
4 5 7
3 5
4 0 2
1 1
2 6
3 5
2 1
1 7
1 2
4 5 0
1 4
1 9
3 3
4 7 5
3 7
1 0
3 6
1 0
2 6
1 2
2 9
2 5
1 1
4 1 6
3 3
2 3
3 0
2 3
4 7 1
4 6 4
1 5
3 0
2 5
3 9
4 9 0
4 5 2
2 4
3 3
1 3
3 6
1 1
2 1
3 0
3 4
2 9
2 6
2 7
2 9
2 2
3 0
1 6
2 2
4 4 1
3 5
4 0 1
1 2
1 7
2 0
4 0 3
1 9
4 5 6
4 3 4
4 6 9
2 5
1 6
3 2
1 9
4 1 0
2 8
2 4
1 7
2 8
1 1
3 2
2 7
4 2 5
1 3
4 6 1
1 2
2 1
1 9
4 7 2
3 2
1 1
1 1
3 3
4 0 6
3 5
2 8
1 2
2 0
4 0 4
4 9 6
4 2 4
1 8
4 8 1
2 4
3 3
4 2 1
4 6 4
4 8 9
3 6
2 7
1 3
4 3 2
4 5 7
2 5
4 7 2
3 2
4 4 7
4 4 8
3 4
4 6 8
1 9
4 2 0
1 2
3 0
4 6 2
1 2
4 1 0
1 4
2 3
2 0
1 6
4 0 8
1 1
2 6
4 4 5
3 5
2 5
4 1 2
1 9
1 6
3 7
1 5
2 8
2 9
3 1
2 2
4 8 4
2 2
1 6
2 2
2 0
4 1 2
1 7
4 3 0
3 4
3 9
4 9 2
2 9
2 0
1 1
4 4 5
3 6
2 8
3 3
1 8
2 9
3 1
3 7
3 4
4 5 1
3 2
4 7 3
4 4 1
2 1
2 4
3 8
4 0 4
1 4
3 5
1 8
2 6
4 6 5
3 4
2 9
4 1 9
4 4 9
3 3
3 0
3 7
4 0 1
4 5 6
2 4
3 8
2 7
4 0 4
4 2 6
4 2 8
4 5 1
1 1
1 4
2 5
2 2
1 3
1 5
3 5
2 2
4 2 9
4 0 1
3 4
4 3 5
3 3
2 8
1 2
2 9
2 3
3 5
1 8
3 9
4 9 7
1 2
1 7
2 7
3 1
4 6 4
4 3 4
3 9
4 6 7
4 5 6
4 7 9
3 6
3 6
3 3
1 3
3 3
2 0
3 7
2 8
2 0
3 1
3 3
4 7 1
4 9 8
3 7
3 9
3 5
1 7
1 1
4 1 8
3 7
4 0 6
1 3
4 9 2
4 2 0
4 8 9
2 4
3 2
4 1 2
2 7
4 4 1
1 4
3 6
1 3
2 2
1 9
3 4
4 1 3
1 6
4 1 6
4 9 6
1 3
3 2
3 9
2 7
3 6
1 6
2 5
2 7
1 3
2 2
4 6 9
1 3
2 2
2 4
3 1
1 9
3 6
2 3
4 7 2
3 8
2 1
1 3
4 0 7
4 4 5
2 9
1 1
4 0 8
1 4
3 4
3 4
4 7 4
1 2
4 8 6
2 1
3 7
4 2 1
3 3
2 8
1 7
3 2
4 6 7
1 6
3 1
3 0
4 5 0
2 0
2 7
4 3 6
1 9
2 6
2 9
4 2 7
3 0
4 2 3
4 1 5
1 4
2 3
1 1
1 9
4 0 6
1 0
2 8
3 7
4 3 6
1 1
2 0
4 0 1
4 6 2
2 0
1 5
4 1 5
4 7 0
1 7
3 0
3 5
3 5
3 6
2 0
3 6
4 6 2
2 1
1 6
4 3 5
4 1 0
4 2 3
4 3 2
3 9
4 4 2
4 2 7
3 9
4 3 6
4 6 9
2 9
2 0
1 5
2 2
1 3
1 0
1 2
3 6
1 5
1 2
3 8
1 1
4 3 4
1 5
3 9
2 4
3 5
2 1
4 5 7
3 4
1 5
3 4
1 7
3 1
3 9
2 1
1 5
4 0 9
2 9
1 8
4 6 8
4 6 4
3 3
3 1
3 9
4 5 8
1 5
1 9
3 4
3 4
3 4
1 1
4 0 1
4 0 3
3 7
4 5 0
3 8
4 3 7
3 3
3 6
2 2
4 7 9
4 3 9
4 4 5
4 4 6
2 4
4 6 9
1 9
4 0 7
4 1 5
1 5
3 4
2 3
3 8
1 7
4 3 8
1 0
3 5
3 8
3 8
3 6
1 3
2 6
3 8
2 5
1 8
4 7 6
4 4 2
2 0
3 0
2 0
4 0 9
3 2
2 5
3 0
2 3
2 7
1 7
4 2 3
3 1
3 2
3 2
1 2
4 0 8
4 5 3
1 9
3 2
3 8
1 6
3 0
3 0
3 4
4 8 2
4 8 7
1 4
2 7
2 7
2 0
1 8
1 0
4 5 3
4 8 7
1 6
1 8
2 9
1 5
3 5
3 7
3 8
1 9
3 9
3 6
3 7
4 0 9
2 2
4 8 0
4 6 9
4 3 4
1 1
2 7
1 0
1 3
1 0
3 1
4 0 1
3 3
4 5 4
2 6
2 1
1 6
4 0 6
3 2
4 4 5
2 7
1 7
3 1
1 8
2 4
4 0 7
3 8
2 2
2 4
1 5
1 4
4 2 3
4 5 6
1 3
2 4
2 8
4 5 1
1 4
2 0
4 6 5
3 9
3 2
3 4
3 9
1 2
1 8
4 8 1
3 0
3 0
3 1
3 3
1 8
1 4
4 2 5
2 9
4 7 8
3 3
4 2 3
3 8
2 6
2 1
1 8
3 4
1 1
2 5
4 2 4
3 8
3 0
4 2 3
2 3
2 9
2 5
1 3
4 1 8
1 4
1 8
2 6
3 0
2 5
1 6
4 9 6
3 0
4 0 2
3 0
2 6
3 5
4 9 2
2 2
3 5
1 1
3 7
4 4 8
1 3
1 6
3 0
2 4
4 1 2
4 9 8
4 4 5
2 0
3 3
2 7
1 2
3 3
1 4
4 5 9
4 5 2
3 5
3 4
4 3 0
2 3
2 1
1 7
4 5 6
4 9 4
2 9
3 1
2 9
2 0
4 0 2
1 7
4 8 1
1 7
4 8 7
1 1
2 7
1 6
1 7
3 2
3 8
3 0
1 5
2 7
4 0 3
1 9
1 1
1 5
4 9 8
2 6
2 6
2 9
3 3
1 6
4 7 8
4 6 4
1 3
1 2
4 2 1
3 2
1 6
1 9
3 3
2 9
4 9 1
3 3
4 8 5
3 2
3 2
3 8
4 3 8
3 1
3 4
2 0
1 5
2 5
3 1
3 5
2 5
1 7
3 1
3 5
3 0
1 9
3 0
4 4 6
1 6
4 2 4
4 8 3
2 6
4 6 1
1 1
2 9
4 6 4
2 8
3 7
3 9
2 8
1 9
2 4
2 4
2 3
1 5
4 0 1
3 8
1 8
3 2
3 3
2 9
2 7
1 5
1 8
3 2
4 8 3
2 7
4 3 6
1 2
1 8
4 2 3
1 3
4 7 6
2 4
3 0
4 6 4
1 0
4 5 6
4 8 3
3 5
2 7
1 3
1 7
3 0
4 6 8
1 2
1 3
3 1
4 9 0
4 6 7
3 8
3 3
2 3
4 6 7
2 7
1 8
2 2
4 0 7
2 5
2 7
4 2 4
1 7
3 8
3 2
3 2
3 5
4 2 8
3 2
1 2
3 3
3 0
2 7
1 6
1 1
1 8
2 0
3 7
2 6
2 6
2 7
1 6
2 0
1 0
1 3
2 8
2 6
4 3 7
1 1
3 5
3 1
1 2
3 3
4 0 1
2 8
4 8 9
4 3 1
2 7
4 8 4
2 6
3 7
3 0
1 8
4 0 4
4 5 6
3 7
2 7
1 7
1 5
4 7 2
2 1
1 2
1 1
3 0
2 6
4 9 5
3 8
4 2 6
2 4
2 6
1 4
2 6
2 7
1 2
4 1 3
2 3
2 3
3 8
2 0
1 8
3 8
3 5
2 5
2 3
2 5
2 1
1 4
1 5
3 8
3 1
2 6
1 1
4 6 9
3 6
3 8
4 2 3
4 5 6
4 2 0
3 8
1 5
3 0
2 6
2 5
3 7
1 0
4 3 4
1 3
1 9
4 1 5
4 6 2
2 3
3 6
2 1
2 2
2 4
4 0 2
2 9
3 7
2 6
1 3
2 3
1 3
4 7 6
4 8 6
3 2
2 1
2 7
2 2
1 7
4 5 6
3 6
1 0
2 8
3 4
1 6
3 4
3 7
2 4
4 8 6
4 2 8
1 6
1 9
4 6 7
3 5
2 7
2 3
2 6
1 8
4 8 9
3 6
1 0
3 1
3 4
3 9
4 1 5
1 4
2 0
3 0
2 4
4 6 7
1 1
2 3
3 0
3 6
2 5
2 3
2 0
4 3 4
4 6 3
2 5
4 8 2
4 3 4
1 9
4 2 3
3 5
2 8
1 0
3 4
2 6
1 2
1 9
2 8
1 5
4 2 1
4 1 2
3 1
1 1
1 7
2 4
1 8
2 1
4 7 3
4 1 5
3 0
1 9
4 2 5
3 6
4 8 2
3 4
2 6
3 4
2 1
1 2
2 1
2 1
4 9 4
3 5
1 8
4 5 8
1 4
3 2
4 8 7
4 4 5
1 7
1 7
1 6
4 1 2
1 7
4 7 2
3 1
3 4
2 0
4 6 4
2 2
1 4
1 7
3 3
1 2
3 9
4 7 1
3 8
3 8
1 5
4 0 3
2 9
4 6 7
4 0 4
4 3 6
2 5
4 0 2
4 4 1
2 8
1 0
4 4 7
1 9
1 4
1 3
2 4
1 2
3 1
1 7
1 3
2 8
3 6
4 4 2
3 1
2 9
2 7
3 6
4 9 7
2 2
2 4
1 8
3 8
1 2
3 4
3 1
2 9
3 1
3 4
1 7
3 7
3 2
1 5
1 8
3 2
4 5 6
4 5 7
1 6
4 8 7
3 0
2 5
4 3 4
3 0
3 8
3 3
1 1
2 3
3 0
1 5
2 7
1 5
4 3 4
2 7
4 7 4
1 0
1 8
1 3
4 3 4
4 3 8
3 9
2 0
2 9
4 8 2
3 2
3 0
3 8
3 1
3 1
1 5
4 8 5
4 7 9
1 2
3 8
1 0
1 2
3 9
1 9
3 2
2 5
3 3
2 0
2 3
4 3 7
1 3
3 7
2 9
1 7
2 5
4 9 2
2 5
3 0
2 8
3 4
3 3
3 4
4 2 4
1 7
4 8 1
3 0
3 4
4 7 4
2 2
1 9
2 3
2 5
1 9
4 5 7
4 7 0
1 6
3 8
1 0
3 1
1 0
4 1 5
4 0 5
4 5 7
4 5 6
4 3 9
1 5
1 6
2 0
4 4 9
3 3
4 0 5
2 5
3 5
2 9
3 6
4 1 5
1 0
3 4
4 2 7
4 6 5
4 7 0
2 4
3 1
4 4 0
1 6
3 7
1 7
4 7 5
4 4 5
3 1
3 3
3 1
4 0 4
2 8
3 7
1 0
3 2
2 9
2 8
1 6
1 8
1 8
3 7
1 5
1 9
1 1
4 0 5
1 8
4 3 5
4 9 0
3 3
3 2
1 0
4 8 3
3 1
3 4
1 9
1 7
1 9
2 2
2 1
4 0 1
4 0 5
3 5
2 7
3 3
3 4
3 6
3 6
4 1 2
2 7
4 8 3
3 0
3 5
2 9
3 8
3 2
2 2
4 5 1
4 6 4
3 4
1 8
4 9 6
3 8
4 2 3
4 7 8
1 2
1 4
3 0
1 2
1 5
3 0
2 1
3 0
4 4 1
4 4 3
3 0
4 9 8
2 7
4 1 8
1 6
3 0
3 3
2 0
1 0
1 7
4 7 5
2 4
2 6
3 0
3 0
1 1
4 0 6
4 3 2
2 8
3 1
4 7 3
3 3
1 3
4 8 0
2 3
2 4
4 2 0
2 8
3 3
3 9
1 8
1 2
1 1
1 0
1 5
4 1 0
4 4 5
3 9
4 2 3
2 8
3 2
4 1 9
1 0
3 1
1 1
2 9
2 1
1 8
3 4
2 2
2 1
1 5
3 1
2 3
4 9 7
1 2
2 8
1 4
4 0 4
1 8
2 8
1 1
2 2
1 0
1 4
2 2
2 8
2 9
1 1
1 3
1 9
3 3
2 0
3 6
3 7
3 7
3 5
2 1
3 6
2 3
3 4
3 4
1 0
1 3
2 6
3 6
2 2
2 9
1 2
1 5
4 1 5
1 3
3 0
2 2
3 6
2 7
4 2 8
1 0
1 9
1 9
2 8
2 6
1 2
1 3
1 0
3 4
3 8
2 2
2 6
4 4 3
3 7
4 9 0
3 7
3 7
1 2
3 6
3 9
1 6
4 0 8
4 9 2
1 7
1 3
3 4
2 0
4 3 2
1 5
2 2
4 3 4
2 0
2 3
3 5
4 3 9
1 7
1 7
3 5
4 6 5
2 1
1 7
2 8
1 1
4 7 2
2 4
2 4
4 7 1
3 2
3 0
3 5
1 1
1 2
1 1
1 8
1 9
3 8
2 8
1 5
3 1
4 3 6
1 1
3 0
2 3
4 7 2
3 0
4 5 2
4 6 4
2 6
2 6
1 4
4 1 8
4 0 3
2 0
1 4
3 9
3 0
2 1
2 7
2 0
3 5
4 4 2
3 6
4 5 6
1 9
3 5
1 7
4 9 6
1 1
3 5
4 3 2
4 2 0
1 8
1 3
3 1
4 3 4
3 6
3 3
4 2 3
2 4
2 2
4 2 5
1 7
3 5
1 6
1 0
3 6
2 0
4 3 9
2 0
2 2
4 9 1
1 2
2 0
1 1
1 5
3 4
1 9
3 3
2 5
3 0
4 3 0
2 5
4 2 8
4 6 9
2 5
2 8
3 2
3 6
1 4
2 0
4 2 9
4 5 4
1 0
4 7 6
1 7
3 8
1 2
4 9 0
2 0
3 0
4 7 8
3 4
1 7
2 9
1 0
4 4 0
3 5
1 2
2 2
4 3 1
4 4 5
1 3
1 8
2 0
3 6
1 7
2 3
2 3
4 6 5
2 2
4 8 9
3 9
3 2
3 9
2 3
4 0 2
4 8 4
4 5 9
1 0
4 6 2
2 2
4 1 3
2 5
2 0
1 3
2 6
2 7
4 2 3
2 3
1 9
3 7
2 2
4 6 3
1 9
2 3
2 0
1 1
4 2 5
4 0 7
3 1
3 6
2 9
2 9
4 4 0
4 2 9
1 4
2 0
3 8
1 8
1 6
4 6 9
3 6
2 5
3 2
4 1 2
2 0
1 8
3 3
3 3
2 3
1 2
2 7
3 6
1 3
3 7
4 2 1
4 5 9
4 6 1
4 5 9
1 9
4 5 2
2 1
2 4
4 8 9
1 3
2 0
4 1 6
1 7
1 7
1 1
2 6
3 9
1 7
2 2
1 4
2 6
2 3
4 6 8
1 2
3 1
3 8
2 7
1 7
1 7
2 1
2 1
2 8
2 7
3 5
4 9 3
3 9
2 6
2 4
1 2
3 2
3 7
1 7
2 9
2 2
1 3
3 8
3 5
3 9
3 8
2 6
1 2
3 2
1 3
3 5
4 6 3
3 7
1 7
2 2
4 7 9
4 2 6
3 9
4 4 7
4 9 1
4 0 2
3 5
3 8
2 5
4 2 6
3 1
2 6
3 8
1 3
4 7 2
3 2
1 9
4 6 2
4 3 1
3 8
2 9
3 7
2 4
3 2
3 2
2 1
3 1
2 0
4 3 1
1 3
4 0 7
2 1
1 9
3 4
3 2
1 2
2 1
2 4
1 0
2 9
4 3 5
2 5
2 1
3 7
1 4
1 1
4 6 4
1 0
2 4
4 6 4
1 1
1 7
3 6
1 6
3 1
4 9 3
4 2 8
3 9
1 1
4 4 2
2 2
2 5
2 2
3 6
1 1
2 1
1 5
1 7
4 7 5
3 5
2 7
2 4
2 2
4 8 6
3 2
2 1
2 7
3 6
3 0
2 9
2 6
4 7 6
2 5
3 8
1 0
1 6
1 3
1 7
1 6
4 7 8
3 7
4 9 0
4 9 5
1 6
3 3
1 0
4 2 9
4 2 6
2 7
1 5
4 4 6
1 0
4 1 3
2 2
4 0 4
1 4
1 3
4 3 2
1 3
4 2 3
3 7
4 8 0
4 3 1
4 9 0
3 5
3 6
2 8
2 0
2 1
2 2
1 1
1 2
4 2 8
2 2
1 1
1 9
2 6
2 9
3 9
3 9
2 5
3 3
3 3
3 2
1 0
4 0 5
3 3
2 4
3 6
4 2 4
2 4
3 0
3 7
3 8
2 0
1 7
3 6
3 1
2 3
4 6 7
3 6
1 5
4 4 7
1 1
2 4
2 0
2 6
3 8
3 1
1 3
1 1
1 7
4 3 6
2 3
1 3
3 7
1 2
1 0
3 9
2 9
1 8
1 7
2 9
3 4
1 9
4 9 6
3 0
2 7
4 6 2
2 0
4 1 2
4 5 2
2 8
2 4
3 8
3 8
2 4
1 9
4 2 4
1 8
3 9
2 9
4 1 8
2 4
2 9
3 4
4 0 2
3 0
1 6
4 6 8
4 1 3
3 3
2 1
1 2
3 8
4 0 8
2 4
4 0 7
4 7 5
1 3
2 1
1 9
1 8
3 9
1 7
3 0
1 1
2 1
2 4
2 9
2 9
2 3
4 4 5
3 3
4 7 0
1 8
2 2
2 4
3 8
2 8
1 2
2 8
4 0 4
3 8
3 8
1 5
2 4
2 3
4 9 0
1 8
2 0
3 5
1 1
3 4
3 2
2 1
1 0
2 8
3 2
3 8
3 4
1 4
2 4
1 1
2 0
1 5
4 8 9
4 3 4
4 0 6
4 2 5
3 4
1 8
3 7
3 2
2 4
4 9 6
1 8
2 8
3 0
1 1
3 2
2 0
2 7
1 1
1 9
4 3 7
4 5 3
4 7 4
1 7
3 3
3 1
3 5
4 7 0
4 4 6
2 8
3 5
3 9
4 1 2
2 2
2 2
1 9
3 1
1 2
2 0
1 1
2 6
4 2 6
4 3 6
4 5 6
2 0
1 3
3 2
2 8
1 2
2 5
3 2
3 6
2 6
3 1
1 6
3 9
1 2
3 2
2 3
3 8
1 6
3 8
3 2
1 0
2 2
3 5
3 8
3 6
2 2
2 5
1 0
1 2
4 0 7
4 6 2
2 9
2 4
2 9
3 3
4 4 8
2 0
4 5 6
4 4 3
2 1
1 0
1 9
4 7 9
3 1
4 8 3
1 0
3 6
2 6
4 5 1
3 8
2 2
4 1 7
1 1
2 9
3 7
2 8
3 3
2 9
2 0
2 1
4 9 7
3 3
3 9
1 4
3 2
1 5
4 8 3
4 4 5
2 9
1 1
4 5 3
1 7
3 2
2 0
4 1 9
2 2
1 1
1 9
1 1
2 1
4 4 5
2 8
2 2
4 6 7
2 5
4 2 9
1 6
1 3
3 8
4 1 7
3 1
2 8
4 1 6
1 8
2 1
2 9
2 3
3 7
1 8
2 6
2 1
3 6
4 2 7
4 8 7
2 9
3 5
1 5
1 5
1 5
4 1 2
2 0
2 6
3 0
1 5
2 0
4 3 1
3 8
2 4
4 6 0
1 7
1 3
1 2
4 4 3
3 7
1 4
3 2
1 0
2 4
3 8
1 8
2 5
3 3
3 3
4 0 1
1 4
4 8 2
3 2
2 7
2 7
2 0
4 0 7
2 0
1 7
1 6
2 0
1 2
1 8
1 0
1 8
1 3
2 2
4 9 7
2 0
1 9
2 9
1 8
3 2
1 6
1 5
1 8
4 9 2
4 1 3
1 3
2 1
4 3 8
3 5
3 4
2 6
1 4
2 5
4 1 6
3 5
1 7
1 2
4 8 0
1 1
4 9 8
4 7 9
4 1 2
2 7
1 9
1 8
2 4
3 9
3 8
3 7
3 8
4 4 0
3 4
4 6 7
3 4
2 5
2 1
3 7
3 5
1 1
4 9 6
1 9
4 0 9
4 9 3
1 5
4 3 9
1 4
1 4
1 2
3 8
2 7
2 1
1 2
3 4
4 0 1
2 0
2 9
2 0
1 3
2 9
3 3
4 5 1
2 1
1 1
4 8 0
1 3
2 7
2 2
3 3
3 9
4 5 4
1 3
2 9
2 6
1 9
2 5
3 0
4 6 3
3 1
4 2 0
1 6
2 3
2 7
4 9 3
3 0
1 5
1 7
4 5 2
2 0
2 1
2 3
4 8 2
2 9
4 5 1
1 3
4 3 9
3 3
1 1
3 1
1 5
3 4
2 6
1 0
2 8
2 7
4 6 3
1 7
3 7
1 4
2 0
3 3
4 5 3
3 6
2 8
3 0
1 6
4 1 7
1 4
4 4 1
3 5
4 2 3
2 7
1 0
4 9 5
2 1
1 8
3 9
2 1
4 0 1
1 8
3 5
3 1
2 1
2 8
1 2
4 2 3
1 2
4 5 0
2 6
3 0
1 3
2 1
4 1 5
3 0
1 6
2 9
3 5
1 5
2 9
1 4
3 2
3 9
4 2 7
4 5 3
2 0
2 8
4 9 4
3 1
1 2
3 2
1 3
3 7
4 3 1
1 3
2 2
4 9 1
3 6
1 0
1 9
1 8
2 3
4 1 9
4 8 9
2 1
2 7
4 1 9
3 7
3 3
4 1 4
1 6
2 6
1 1
3 0
1 1
4 4 2
1 1
4 8 5
4 1 9
2 1
2 4
1 4
3 0
3 8
1 9
2 1
3 4
1 4
2 9
3 1
3 0
2 1
4 7 0
3 2
2 7
2 5
3 8
2 9
4 5 4
1 4
1 4
3 0
4 2 5
3 3
1 9
2 0
1 2
2 0
4 3 0
3 5
1 0
2 9
4 1 0
4 4 8
2 3
2 1
4 6 9
2 1
1 5
3 3
1 5
2 6
4 5 6
3 3
4 1 2
1 1
4 6 7
4 5 0
3 3
1 1
2 4
1 7
1 8
1 2
3 8
4 7 8
4 8 4
1 8
1 5
3 6
3 6
4 5 8
2 2
4 3 5
3 9
4 4 5
3 9
4 3 5
4 6 4
1 8
1 5
1 6
1 6
2 1
3 9
1 7
2 0
4 7 8
3 7
2 8
1 9
2 8
1 4
4 1 5
2 1
1 8
1 8
4 5 3
4 3 0
4 7 2
4 2 9
1 9
3 2
3 0
1 9
4 4 6
2 3
1 7
4 4 1
1 8
2 9
3 1
3 0
3 0
3 5
1 4
1 9
4 0 2
4 7 8
2 4
4 9 4
2 4
2 9
3 7
3 9
1 0
4 1 2
1 3
3 0
3 7
4 2 0
4 3 4
1 8
4 4 0
3 7
3 0
4 2 5
4 7 8
1 2
1 9
1 8
3 3
4 9 5
4 4 5
3 6
3 6
2 6
3 8
2 3
1 7
1 1
4 8 3
3 1
2 9
1 1
1 9
3 7
3 2
1 6
2 7
2 3
2 5
1 5
4 1 0
2 5
2 3
1 4
2 0
2 6
4 5 6
2 3
3 0
4 7 9
1 9
2 4
1 2
3 8
4 4 8
2 8
1 8
1 4
1 0
3 1
3 2
4 2 9
1 8
1 1
1 9
4 1 4
3 2
1 3
2 7
1 8
1 7
3 3
4 6 0
3 3
3 5
4 0 1
3 2
4 3 4
3 6
4 2 1
2 3
3 5
3 7
2 7
3 1
4 8 9
1 3
4 5 0
3 3
2 0
1 1
3 6
3 2
2 4
2 0
1 0
4 3 1
4 1 0
1 1
2 7
2 1
1 1
4 1 0
4 5 0
1 9
1 1
2 7
1 4
4 9 0
1 0
3 4
1 9
4 0 6
2 4
2 2
4 1 0
3 5
1 2
3 1
3 2
3 5
4 3 9
4 2 4
4 3 9
3 7
3 3
1 2
2 7
2 6
2 0
3 7
2 5
4 0 1
3 4
3 6
2 0
3 6
3 5
3 4
2 9
3 0
2 1
2 7
1 4
4 8 2
1 8
4 8 9
1 3
4 1 9
4 4 5
1 7
2 4
1 3
4 5 1
2 1
2 2
3 6
2 6
2 1
2 9
4 7 8
2 0
1 8
4 6 0
4 7 8
3 3
2 4
1 4
4 5 3
4 4 5
2 6
2 2
3 6
3 5
3 5
1 9
1 8
1 2
3 0
1 2
2 5
2 2
4 2 1
4 4 8
2 4
4 5 0
1 6
1 5
4 0 1
1 2
1 1
2 4
3 6
4 4 7
4 9 7
4 2 5
4 4 0
3 0
4 9 8
4 6 7
2 3
3 1
3 0
2 6
1 2
3 6
3 6
2 9
4 6 8
2 3
3 0
4 3 8
2 5
4 0 1
3 0
3 4
3 1
4 0 4
1 9
2 4
4 0 2
3 7
2 5
4 8 5
4 7 8
3 4
3 6
2 7
3 2
1 9
3 4
3 2
1 7
4 9 3
1 3
1 7
1 6
2 9
2 8
4 6 2
2 0
4 2 9
2 8
2 4
4 6 0
3 9
2 3
1 3
3 7
3 0
1 7
1 6
4 9 3
4 1 2
4 2 3
1 4
4 5 1
4 9 6
3 3
1 7
2 2
3 2
2 7
4 5 6
3 0
1 1
4 0 1
1 8
2 4
2 5
1 6
3 8
4 3 4
2 0
1 1
1 5
2 3
3 5
1 4
4 4 6
4 5 7
3 0
1 4
2 4
1 7
1 5
4 2 1
2 9
2 8
4 0 4
3 8
3 4
3 1
3 8
4 9 8
2 7
1 5
2 9
4 3 0
1 6
1 3
2 3
1 6
3 7
1 1
2 1
3 4
3 0
3 3
2 5
4 5 9
1 7
1 1
3 2
2 6
4 4 5
1 9
3 2
2 6
4 5 4
3 0
1 6
4 8 0
2 0
4 4 1
3 2
2 0
1 1
4 2 3
3 1
4 3 2
3 8
2 1
1 3
2 4
4 2 4
4 2 6
3 2
3 5
1 3
4 8 4
2 1
2 2
3 1
4 5 4
2 5
4 0 2
1 5
1 2
4 3 6
1 9
1 6
2 1
4 2 1
2 2
2 2
2 1
3 8
3 6
1 4
3 5
4 2 8
1 4
4 8 1
4 6 4
4 5 0
4 7 0
2 9
2 5
1 7
3 7
1 0
1 6
3 4
1 9
3 5
3 2
3 3
1 0
4 9 3
3 4
2 4
3 9
1 9
4 0 8
4 0 7
1 7
3 3
2 5
4 5 9
3 7
2 5
1 8
2 0
4 7 8
4 1 3
3 5
3 0
1 9
2 7
2 4
2 2
1 0
1 1
1 4
2 4
1 7
1 4
3 5
2 0
1 1
2 8
3 2
3 8
1 3
2 8
1 7
3 9
2 8
3 7
1 0
4 4 5
2 0
1 4
4 3 6
2 9
1 4
4 7 0
4 9 7
4 7 5
4 7 1
1 9
1 4
1 5
2 8
1 7
1 6
1 6
3 5
4 2 1
3 4
3 6
1 7
1 8
1 7
2 3
4 0 6
4 4 6
4 5 2
1 8
3 4
1 0
3 8
2 6
4 9 0
4 3 6
1 3
2 8
2 2
1 9
2 0
2 4
3 4
2 4
1 8
1 0
1 6
3 7
4 6 0
4 8 9
2 6
2 7
1 8
3 8
3 6
3 4
3 1
2 4
1 1
1 9
2 1
4 1 9
1 5
1 8
1 0
3 6
1 8
4 2 7
4 1 2
2 9
2 3
1 6
4 7 0
4 6 1
4 3 7
3 4
1 8
4 9 8
1 2
2 7
4 2 9
2 0
1 0
1 6
4 4 6
1 7
3 7
2 1
2 8
4 8 2
3 3
4 8 7
1 4
3 9
3 0
4 0 8
3 6
2 8
1 9
3 8
3 5
3 7
4 0 1
1 9
3 8
1 1
4 5 2
1 4
2 7
3 7
3 4
2 3
4 3 8
3 8
4 5 1
1 7
1 6
2 4
2 8
2 8
2 1
1 0
4 5 6
4 1 0
1 9
2 4
3 5
1 3
3 0
4 1 3
2 8
4 3 0
3 4
2 2
2 4
2 9
4 9 4
3 5
4 9 2
1 8
2 5
1 0
1 1
1 3
3 7
3 5
1 6
3 4
3 1
3 9
3 1
3 4
2 0
2 2
1 4
2 6
4 7 2
1 3
4 4 6
4 4 1
3 5
2 7
2 6
1 4
3 3
2 4
2 1
4 8 9
1 9
2 1
2 0
3 3
2 7
4 7 8
4 0 1
4 8 9
1 8
1 4
2 5
2 3
1 2
2 1
2 9
4 4 5
1 1
3 8
3 6
1 6
2 8
4 2 0
4 8 6
2 4
1 7
4 8 5
2 5
2 3
4 4 2
4 1 5
4 8 2
3 5
1 3
1 6
4 4 9
2 1
1 7
1 5
4 8 9
3 4
3 2
4 1 8
1 0
3 6
2 0
4 8 0
4 2 5
2 3
4 6 0
4 2 3
2 1
4 4 3
2 4
2 2
3 6
4 7 5
2 6
2 2
4 6 0
4 8 4
3 9
2 0
4 1 4
1 9
1 7
4 1 0
4 3 5
4 5 6
3 8
4 5 1
1 4
3 4
4 8 3
2 5
3 7
4 8 5
1 5
2 5
4 3 1
1 3
1 8
4 2 5
1 8
3 9
2 9
4 4 5
2 6
2 2
2 4
2 0
3 3
4 8 9
4 8 0
2 9
2 8
1 7
2 7
1 5
2 3
4 0 3
1 8
2 4
4 3 1
2 7
1 7
1 3
4 9 6
4 1 0
3 9
2 0
3 4
4 1 9
1 5
1 0
4 7 8
4 0 1
3 9
1 8
4 4 3
2 6
4 7 0
3 7
1 2
4 9 0
1 4
2 9
1 1
1 8
4 8 9
3 6
3 5
2 1
3 5
2 8
3 2
1 4
2 9
3 2
3 6
4 1 2
4 2 4
2 5
1 9
4 5 4
3 2
3 7
3 2
4 6 7
3 7
1 1
3 4
2 5
2 3
3 8
2 3
1 6
1 5
1 8
2 0
4 2 6
2 0
4 2 7
4 4 0
4 1 2
4 8 0
2 5
4 7 8
3 0
2 7
1 9
1 4
2 2
4 1 7
2 6
1 9
3 7
3 9
3 4
2 6
2 9
4 4 5
3 5
3 1
1 1
2 9
3 1
2 7
1 6
3 6
2 0
3 2
1 7
2 0
3 7
1 9
2 1
3 0
2 5
1 6
2 5
3 6
3 9
2 5
2 2
1 6
4 9 1
3 1
4 2 6
2 4
2 4
3 6
3 6
2 5
3 4
4 4 9
4 9 0
3 3
2 2
2 8
1 5
4 9 2
2 3
1 8
3 2
2 7
4 2 3
2 6
1 4
2 5
4 1 0
3 5
1 9
4 6 5
2 8
3 2
4 0 3
4 4 2
2 8
3 5
2 5
4 6 0
4 0 5
2 7
1 0
4 7 8
2 4
4 9 6
4 6 2
3 0
4 0 5
4 5 9
2 2
4 7 8
1 0
3 6
2 2
1 0
2 4
3 1
3 1
1 9
3 6
2 5
3 0
1 3
3 2
2 2
2 6
4 1 2
1 1
2 1
1 1
4 3 9
1 7
4 9 4
2 2
3 7
2 0
3 8
4 8 9
1 1
3 7
4 3 4
4 7 0
2 9
1 5
1 7
4 3 5
1 2
2 6
4 7 8
4 7 8
4 5 2
1 7
3 0
1 4
1 4
2 9
2 8
1 2
1 2
2 6
4 2 4
1 8
2 6
2 1
2 3
2 4
2 8
4 1 4
2 9
4 5 3
1 3
4 4 8
1 1
4 5 8
3 9
4 6 2
1 9
2 6
2 9
3 8
2 2
2 8
2 3
4 1 0
4 6 7
3 1
4 7 5
1 1
2 9
4 0 2
1 8
2 6
1 6
2 8
3 9
2 7
1 0
3 9
2 7
1 6
3 5
1 2
3 6
1 5
2 6
2 4
2 7
2 0
2 4
1 0
1 7
2 6
3 2
3 1
1 3
4 2 7
3 2
3 0
3 0
4 3 5
2 9
1 9
2 6
1 4
2 6
4 4 3
4 9 6
4 3 0
1 1
2 9
4 3 2
2 3
4 0 6
1 0
1 0
4 9 3
1 6
3 8
2 0
1 8
2 4
3 8
3 3
4 6 9
3 9
3 2
4 2 3
4 9 8
1 8
4 0 4
2 2
3 0
1 1
1 7
3 7
2 8
1 2
3 7
1 2
2 6
4 9 7
2 9
1 8
2 0
1 1
4 2 3
1 5
1 4
1 3
1 2
4 1 7
4 3 7
3 4
3 5
2 0
4 0 7
4 2 7
2 4
3 5
3 5
1 0
3 0
1 2
4 7 8
1 2
1 7
2 9
1 6
2 8
4 4 8
4 3 7
4 2 7
2 8
1 5
4 5 0
2 7
1 3
2 4
2 8
3 4
1 8
3 6
2 0
2 8
1 6
2 8
1 6
3 3
2 2
3 3
4 8 4
3 9
2 4
1 2
4 0 9
1 9
3 6
3 1
1 0
2 2
3 8
2 4
4 2 0
2 2
3 4
4 5 8
3 5
2 4
1 6
1 6
1 1
4 5 2
3 0
3 4
2 9
4 6 4
1 2
4 3 7
3 4
1 9
1 9
2 8
2 9
2 7
2 0
2 3
4 7 4
3 3
3 5
1 3
1 0
1 2
3 3
4 1 2
3 2
2 8
2 1
4 6 1
2 6
2 4
4 5 3
3 7
1 6
4 0 1
3 6
3 4
3 9
3 8
3 3
4 3 8
1 7
4 7 1
4 8 3
1 4
4 2 8
3 3
3 4
2 6
3 2
1 7
4 1 0
2 0
3 4
4 6 2
2 6
2 2
1 8
2 5
3 5
3 3
3 3
2 4
1 8
1 7
1 5
4 9 4
3 5
3 6
2 4
2 3
4 7 5
3 7
4 1 0
1 3
3 9
3 0
1 2
1 7
2 5
2 1
1 8
1 7
4 0 4
3 3
3 9
2 5
1 3
4 3 9
3 6
4 9 4
1 4
2 7
4 2 5
2 8
2 5
3 1
1 2
1 8
3 5
4 0 1
4 8 2
2 4
1 5
3 6
1 8
4 3 2
4 1 3
1 1
1 4
4 0 4
1 5
2 4
4 1 6
4 6 2
1 8
2 3
4 7 5
2 5
1 6
3 1
1 0
4 9 0
4 6 0
2 4
4 9 3
3 6
3 2
4 4 1
1 1
1 6
4 7 6
1 6
2 1
2 8
2 2
2 8
3 8
1 4
3 2
4 7 5
1 0
2 2
2 8
3 5
3 4
3 1
3 7
3 6
2 6
3 9
1 8
4 4 1
3 2
4 0 7
3 5
3 8
2 2
3 3
2 3
1 7
3 5
4 3 1
3 3
1 1
1 1
2 6
4 6 2
3 2
4 8 0
2 3
2 3
3 2
2 9
4 3 1
4 3 9
4 6 2
2 2
3 4
1 5
3 8
3 1
2 4
1 5
1 9
3 1
3 0
1 6
1 7
1 3
1 2
2 0
4 1 8
1 8
1 3
4 7 6
3 7
4 5 2
1 8
4 0 9
2 9
3 0
4 1 9
1 7
4 3 5
2 3
4 5 6
2 5
2 1
3 2
3 7
3 0
2 4
4 3 7
1 7
3 8
1 5
4 3 7
2 2
3 8
1 2
2 4
3 8
2 3
1 6
2 8
4 6 7
3 2
3 8
4 7 9
3 1
3 5
1 0
2 5
4 2 8
3 3
3 7
4 3 1
2 9
2 2
4 5 0
2 6
2 1
2 6
1 4
1 2
4 6 5
3 9
2 9
3 4
4 7 4
3 3
1 6
1 7
4 4 1
1 8
2 7
2 2
4 4 6
2 1
3 5
4 9 6
3 4
3 9
4 3 8
4 7 8
2 5
1 6
3 6
1 3
1 7
2 3
1 6
4 8 9
3 6
3 4
1 5
2 5
2 3
4 4 8
3 7
3 1
4 8 2
4 7 1
3 0
2 8
2 3
3 3
4 2 4
1 8
1 2
1 5
2 7
3 5
3 1
1 2
4 1 0
4 8 9
3 8
4 6 8
2 3
4 3 6
4 6 9
2 6
4 1 0
3 0
1 8
4 1 2
1 4
2 3
4 2 7
1 9
4 3 6
1 4
4 9 8
1 6
1 1
2 6
4 2 8
4 5 8
4 0 5
3 0
2 8
1 6
4 4 1
2 0
2 5
4 2 5
4 8 7
3 6
4 3 2
2 1
4 2 8
1 5
2 7
2 9
2 1
2 7
1 8
1 4
4 6 0
2 6
4 6 1
2 1
3 4
4 4 6
4 1 7
2 1
3 2
2 4
2 2
2 1
1 4
4 9 1
4 0 5
1 9
1 2
2 6
4 8 7
4 0 1
2 5
1 0
4 5 6
4 8 6
4 1 0
1 1
1 1
4 9 1
3 8
4 1 5
2 9
3 6
2 4
1 3
2 5
3 2
4 1 5
3 1
2 9
2 8
3 8
4 4 7
3 3
2 5
2 2
3 4
4 0 1
3 6
2 9
4 6 0
2 2
3 6
4 4 7
2 6
1 0
3 8
4 2 3
4 6 7
4 8 2
4 9 2
2 3
3 9
4 2 0
2 8
1 9
2 0
1 1
4 2 1
1 5
2 5
1 9
2 5
4 0 6
3 5
2 6
3 8
4 0 1
1 8
2 0
4 7 2
1 5
1 2
3 9
4 7 8
3 5
1 9
3 7
4 3 8
4 5 7
3 9
3 1
1 3
1 5
3 2
3 4
2 0
4 7 8
4 0 6
1 1
1 5
3 2
3 4
1 7
2 0
1 3
4 7 2
2 7
1 6
2 1
4 4 6
2 2
1 0
3 4
2 8
1 3
1 8
2 2
1 4
3 0
2 1
4 6 3
3 3
4 1 5
3 0
4 2 6
2 6
2 1
4 6 5
4 4 5
1 1
1 9
3 7
4 6 7
2 1
3 9
1 7
1 2
2 9
3 8
2 8
3 3
3 0
2 4
1 7
3 5
2 1
1 1
4 1 5
1 3
1 3
1 6
2 3
1 5
1 8
1 8
1 8
2 4
3 6
1 7
3 2
1 3
3 6
4 0 8
2 8
3 4
1 1
4 0 2
1 4
3 6
3 6
4 6 3
2 1
2 3
4 7 8
2 4
1 8
2 4
3 1
1 1
2 1
4 0 1
1 8
2 2
4 1 9
3 2
2 3
3 0
3 3
3 7
1 2
4 2 7
4 0 1
2 3
3 3
3 7
2 6
4 2 1
3 1
2 1
2 6
3 6
2 8
3 0
3 2
1 9
4 2 1
4 1 7
4 9 7
1 1
1 8
4 0 9
3 8
3 8
1 8
4 3 6
3 4
4 3 1
1 2
1 8
3 5
4 3 0
3 5
1 6
3 2
2 1
1 2
2 3
3 5
2 4
2 8
1 5
4 9 8
1 1
2 3
3 5
3 0
3 5
3 1
2 5
2 1
4 9 0
3 0
1 9
4 0 8
1 5
2 4
2 5
4 2 9
2 8
3 5
2 7
1 6
2 5
1 6
4 1 2
2 1
3 3
2 0
4 5 4
2 3
3 9
2 1
3 8
3 9
3 1
2 7
3 6
3 5
1 3
1 5
4 8 1
2 2
1 5
1 4
1 2
1 2
3 2
4 1 4
3 8
2 1
1 9
4 2 7
1 2
3 4
3 1
3 8
2 3
2 2
2 7
4 0 6
4 5 2
4 2 3
3 6
2 3
3 7
4 5 9
2 7
1 9
2 7
1 4
3 6
4 7 0
2 9
2 3
4 3 4
2 0
3 5
1 3
3 0
2 6
1 0
1 2
1 9
3 2
1 3
4 9 4
3 7
3 1
4 9 7
4 1 3
3 4
2 6
3 9
3 4
2 2
1 1
4 2 3
3 0
4 7 9
3 7
2 5
4 1 5
1 1
2 4
3 8
3 8
2 0
4 6 7
3 6
2 0
2 5
1 1
1 1
4 6 4
2 0
4 8 9
2 4
4 6 9
4 3 0
4 5 6
2 2
4 9 0
3 2
2 0
2 9
4 3 5
2 0
1 5
4 8 9
4 5 9
3 1
4 6 1
1 6
1 2
4 3 7
4 0 1
3 1
3 2
2 2
2 8
1 6
2 5
2 2
4 1 6
4 9 3
4 6 8
2 2
2 7
1 2
4 9 4
2 0
4 7 3
3 4
4 0 5
2 6
2 9
3 0
2 8
4 5 6
2 6
1 2
1 6
1 8
3 3
3 2
4 3 8
4 7 8
3 8
3 6
2 9
2 5
3 0
2 8
4 7 0
3 7
2 7
2 1
1 7
1 5
2 8
4 5 7
3 6
1 2
3 3
2 9
3 1
2 1
4 7 8
3 5
1 1
1 1
4 9 8
4 6 2
1 3
2 6
1 3
2 4
3 7
2 2
1 1
4 2 0
3 3
1 0
4 8 3
2 3
2 4
3 2
3 6
4 8 6
1 3
4 2 3
4 4 5
3 3
2 9
3 4
2 7
1 8
3 0
1 9
3 5
1 2
4 5 6
4 5 8
4 0 9
2 5
4 4 9
1 3
4 7 3
2 8
4 7 5
3 2
1 4
2 5
4 3 6
2 0
2 8
3 8
2 1
2 8
3 1
3 8
4 6 2
3 3
1 7
4 3 0
3 9
2 9
1 2
4 3 6
4 6 5
2 9
1 6
