0.001031788029242715
0.001194603111238289
0.0005811831275512695
0.00210551793461719
0.004086870856701661
0.0003013144692305557
0.0026798636503271686
0.0016274048773847782
0.0013278604263929864
0.0005566082699272265
0.0006809401597945228
0.0017861999020561672
0.0042797188463954226
0.001449829739916551
0.00047846731385915573
0.0036344073894049593
0.00514314669157892
0.00023606625360849865
0.001222500736519378
6.962723719649677e-05
0.0028640715340050773
0.0008584659133395568
0.0013423616953196153
0.0010287929283810406
0.0006480959589350152
0.0013602567780251359
5.2652351732566064e-05
0.0011336230383040937
0.0004124012012627618
0.0017770639842522647
0.0009761810758276607
0.00015817667238177845
0.0002777395297814792
0.0018431810983070799
0.0018088276483705689
0.005443582501373864
0.0009316549018688358
2.1487341413430702e-05
0.00034567460657156194
0.00037467205119822415
0.0005121695471455409
0.0004464964104665868
0.0001503427422137808
0.0007554614154265727
0.00022965350712713645
0.0011653804525653534
0.0006695890000790225
0.000266128866144626
0.003283722604581673
0.0009558552243070266
0.0001227456267830042
0.0022358118583463444
1.1460455317185055e-05
0.00023357108538584772
0.00012910468802240137
0.0002607208597252105
0.0002401237586828033
0.0006679039075021888
0.0007621645856217695
0.0019625842118800134
0.00043789712874406345
0.00011183731014573083
0.0007833269616441659
0.0012757633362526514
0.0010469940834646051
0.0003185553213592012
0.0015672772926780944
0.00024049663361523508
0.00045433220648824415
1.6123044865798876e-05
0.0007962181950526087
0.00028082655690204084
0.0009727174466065177
0.0009751019654016921
8.571677370941888e-05
0.0034486034069734295
0.0009173683837729669
3.1673075348468025e-05
0.00045146659742358866
0.000729082206382083
0.0006584661013331331
0.0010805381275787397
0.005370217489421164
0.0009310192976933045
0.0009774671200395958
0.0017911028128032155
0.005168242300552126
0.000118292003041402
0.00016382208213266204
0.0005467868173707334
0.0010816507414834386
0.0006896168705718815
0.0009513743547329987
0.0005332397102915045
2.2607910896594442e-05
0.000629480223321373
0.00018976155674278427
0.0009228992259968429
0.0017415895964189678
0.0013241290887499484
0.0002926456614377396
1.5501623091285669e-06
0.0006142407046706677
5.3809876821211665e-05
0.00025538230866808877
0.00030385150457417807
0.00011563054407238879
0.0012094569950288482
0.00020616357719458709
0.0037332662780439362
0.001358055423361339
0.0003568502696592211
0.00041523487625319766
0.0012387875024914045
0.00040590564024534163
0.00013628140886633348
0.001516078468986752
0.001677168116709406
0.0009012003758658449
0.00020359894285560586
0.0002455719579794811
7.211955938978103e-05
0.001800899379556245
0.0006258214189989379
0.0007850807390191843
5.050253018391015e-05
0.001999470192532729
0.000942772332864109
0.002899738233948026
0.0005862017829591064
0.002269783622249024
0.0005068284325589742
0.002070690329672863
0.0007160799041049466
0.0046810498768165565
0.001388148816580928
0.001099743526288501
0.00012512413585543286
0.0002006900548314645
0.0010918795675294362
0.0005046313999121381
0.0001710338876478845
0.0024739134157159134
0.0012250415140774066
0.00013993149930485927
0.0003643400405510211
0.0015413327846062219
0.0039559011082276425
0.0013638521021954308
0.002172584488474281
0.0003910488096536149
0.0007089836422955707
0.000322475369457162
0.0003863566370779798
0.0004378880766440055
0.0010784117842206058
0.001021580099902374
0.003386155570789048
2.3791009744468395e-05
0.0001794177135751668
0.001025958783658205
0.0014958366981121778
0.00048084282478290613
0.0006048231028982739
1.3605536027683033e-05
8.560756217978361e-05
0.0026765731484456835
0.00042788835614430504
0.00048803815946504554
0.0027954210668645445
0.0005047778399953463
0.0005989348609172667
0.00018566729506344534
9.097232388525359e-05
0.000562463317187028
0.0004456341888560362
0.00031087153726867643
0.0006701936613631909
0.002228685678200704
0.001119669787723944
0.0020372197196394807
0.00010512745527570685
0.0012856212568381035
0.0016803773663828481
0.0009729842936397622
0.0001843139579252611
0.00042998527266108915
0.00018908702914556191
0.00027440511124256336
0.001445564597257047
0.0008410563034861765
0.0028125012244449256
0.0002850849622182351
0.00044465591586255226
0.0007007367415393314
0.0010577470173313453
0.0017081935209638315
0.0005693259839738624
0.004527033516143436
0.0006124655678365094
0.00018758066713864204
0.00026742106943802824
0.00046743145837408313
0.001837772807197876
0.0008498476098414593
0.000163691379514735
0.0004111683340726711
0.0017993710939910523
0.0015992955845121402
0.000893520046987955
4.684580492288241e-06
0.002247741644039914
0.0005903299407561244
0.0019544820769236
0.0006547643504245993
3.238557096803392e-05
0.0023593140446410603
0.0009348991420953992
0.0021436269392618905
0.00043254013687902025
0.0004987528324280825
0.000954374956906202
0.002367030912469079
0.0003312149427964235
0.00010975530498053666
0.001121376819133007
0.0008928881280147087
0.002046991127234977
0.00017765317061499343
0.002210932295760331
0.001627480486669871
0.0017232840075612202
0.001665992752670994
0.001029359164578136
2.8964608798176564e-05
0.0009343500465079412
0.0020050453858630355
5.150532584597353e-05
0.0006995373534287107
0.0021665669869000716
0.0002613873896358768
0.0010356106376407724
0.0007002793871689762
0.0024554862248785648
0.0011585700176912838
0.00028004587487896634
0.0011451373641194532
0.0005180181425851203
0.00034305158911651575
0.0004356173686769198
0.0012744335848284632
0.000116350337856871
0.00022161289159807198
0.0004634710134471341
0.0006396797123350915
0.00016268405670475077
0.0005249400305617393
0.001047544701861015
0.0007518329158345389
0.003012990674066162
0.002471756197384505
0.002902102943340278
0.0009407544931219875
0.0025584457600844497
3.298333108018525e-05
0.00048628757911421027
0.00036873506702213624
0.00019588894310737447
0.0009277133525394256
0.00037120941240993563
0.0005339327819851117
0.0001482518150059558
0.00047706608586475774
0.0007922874340166816
0.003590190509137626
0.0005984417088209643
0.0003739880565448277
0.00038147222968956093
0.0008204957189809661
0.00020050433634399538
0.00018397713614722334
0.0013926878635958978
0.00037086108268052004
0.002269284872265378
0.00043347777730509104
5.512243966295207e-05
0.0006138396397167443
0.0004774745119955484
0.0003405468895314994
4.332103760227369e-06
0.0003863141851920443
0.001740337962088997
0.0008247979724300576
0.0002622115237090162
0.00022600070843627684
0.0001876286386007583
0.00013022588842290779
0.00013521389772548452
0.0010423797009267907
0.0014579446046285086
0.0007878126419137241
0.0024660961174536623
0.0004249681763988255
0.00014090181423464062
0.002730052889017938
0.0006600304281598479
0.0005762193084203232
0.0005480093722728375
0.00015811419525453777
5.62959511519052e-05
0.00069406798093522
7.466244826957708e-05
0.003292734466235473
0.001586389928879387
0.00044345674973319323
0.0006269065456163185
0.0003732463732307328
0.000510429161959183
2.0515979732756267e-05
0.0001695100511420276
0.0011002100570650195
0.0013867946188884201
0.00030012885167921753
0.0014124308751800926
0.0017436208643339026
0.00025892792675021145
0.0011599403579620868
0.001408012501278594
0.0009599153964981097
0.00020067291933611794
0.00017827769638929444
0.0005675377614225596
0.00019572245012115542
0.0003586387212999784
0.0003110878710253591
0.002341580049975386
0.0003684341514200003
0.0010680723493598778
0.00041077407047889706
0.0008114046774336573
0.0012479182636716804
0.0006716585790845398
0.0006213081593725791
0.0011058127593561906
0.00015882932678097173
0.0006798315371302489
0.00018390194439641286
0.0017414639130837954
0.0008024459476408918
0.001769212714971325
0.0005747691346420902
0.0005050936869390679
0.0001688237699184785
6.841391595340787e-05
0.00018295933771159576
0.0004320179065901196
0.00036290348191929774
0.00044090926417345326
0.0010787527936395043
0.0001321956402057518
0.002702040674289845
0.0005492478939621604
0.0006116213454791153
0.001005781313820411
0.00037707604758549143
0.0017212016372362034
0.00021746295802384978
0.00034155771811693694
0.0013968426904087479
0.0002965899848781486
0.0023167318114176347
0.00026487362170959835
0.0005601314279613529
0.0006003072724507947
0.0001081949479951018
0.0038665932763803346
0.00041591536975290396
0.0004265460311124635
0.00022074592178318537
8.124231748092515e-05
0.000980526943513385
0.002296619014327246
0.0007022032808686981
0.001561062130750116
0.0013317786673410787
0.0002115946976296433
0.0014614876170204255
0.0005315035349954266
0.0008574266400072815
4.31976435916487e-05
0.0005643911020494901
8.699088710930219e-05
0.0006771998790734619
0.002595472712581401
0.0015589691404723045
0.00021174169573494683
0.0006415126653466496
6.695799493169977e-05
0.0015161713117307532
0.0008880967385045727
0.0002401140760661554
0.0007941558610177952
0.0012759665363871993
0.0016652135725126202
0.0011184023041738915
0.0002908739477005525
0.002164061037562165
4.901876871772729e-05
0.0005577179316089383
4.966076760773246e-05
0.000631951975052721
0.0012057310333975892
0.0019632059628692643
0.001532442610775559
0.0005601298088339111
0.0015290894418234506
0.0016487372015228866
3.00837541787967e-05
0.00037183242849719476
0.00041575114644855344
0.000403048534138452
0.00011917933374747485
0.0005769045255067895
0.0030713867729597324
3.559519388768026e-05
0.00044766493044591515
0.0005782322773919813
0.0003719840689415583
0.006666398837522669
5.19965303708106e-05
0.0014574044763832595
0.0002488712964102384
6.686154645350279e-05
0.0010180439431103899
3.315978872635436e-05
0.00020057690146077693
0.0013800876052969732
0.0009526230929313004
0.00013501691176847293
0.0006395813708441881
2.6336252867765074e-06
0.0018125110755036402
0.001761686584358174
0.00029869884800438597
9.829678650809144e-06
0.0006860712995364637
0.0032118267202625645
6.612627734670755e-05
1.6326329878451926e-05
0.0006538166071097124
0.0007347714836846883
0.001018712823508051
3.956303633352443e-06
0.0005710874901737735
0.0018795518408007384
8.916607854839547e-05
0.00041197300283629505
0.0016810447040788517
0.0007041180935541672
0.0024908023276996316
0.0018019676248601057
0.0005227133576944415
0.000339743045824676
0.000496636025601294
0.0012175261557867256
1.2093210397228236e-05
0.002574931941704071
0.0005410154278357713
0.0005468878411586817
0.000569573778013366
0.00030200095109394695
0.00026429949607339976
0.0005009932627519783
0.0004555226468157129
0.0002623954200891752
0.00362675286926826
0.0014949529538819074
0.004082761195380084
0.00013642439468633207
0.00040887628914296106
0.00019715453610205427
0.001967252902323411
0.0008775035105092764
0.0007571955681303444
0.0009660621184593167
0.0031095823364857772
0.0007059768935877567
0.00041072365244236846
0.001285410630769476
0.0019523345418727847
0.00033655531426154235
0.00033459909927358906
0.0009953366821865756
0.0010737604556050845
0.002741958658239124
0.001584497720331203
0.0009291101957713748
0.0020288535965765583
3.51200681241978e-05
0.00040782117486661554
0.0004783151491221963
0.002025138434151922
0.0018533262896693332
0.002358873930417686
0.00033887917329313423
0.0001075237287221366
0.0012965767716369874
0.0018035594754092156
0.0022528490467543802
0.00022919317795065298
0.00029536297551728633
0.0007497836960531801
0.0003796161002760968
0.0006122824845534446
0.0006497652459060247
0.001420149851307138
0.0004987621009145462
8.675132437238538e-05
0.00045903914069923477
0.000357585636645229
0.0006661953819169694
0.0009825454675204185
0.0016058275039969652
8.665183094682191e-05
0.0015202145562334618
0.0010896817811235893
0.0006232515576013987
0.00044642376996090254
0.0022986486173134286
0.0005245035440829872
0.0005994254162265847
0.0006353459960106898
2.3608958439920726e-05
0.0009119371657512401
0.0021303734234977304
0.002945355735032868
0.0005156820675954359
0.0015076037952603675
0.0009616971408377286
0.0003875898087945342
0.0004142377016160208
0.0024160237701646645
0.0002638673715547975
0.0010476475430122657
0.0005832526292273685
0.0018738892369903493
0.0023036915901064187
1.552099516146644e-05
0.0009701986544199548
0.00012046888567074462
0.0005650877937378629
0.00039849489834830763
0.0001658641566257329
0.0009762203325070375
0.0012788090497188951
0.001057403589040544
4.678158915142495e-05
0.002160052685665812
0.0015200370877247317
0.0004253336452794949
0.0022753549811559983
0.0008054585848100474
0.00040891805312719034
0.0011482732434181131
0.0003176604840894058
0.0018733132272433979
0.0005800421596238077
0.0005589824103893954
0.0006407120109480863
0.0002977076938881155
0.0023007209182377753
0.000929537996321669
0.004730723626245075
0.0022869648978673016
0.0012829819741882321
0.002819838555222415
0.0011988652703122471
0.00028072342189011033
5.597739725408459e-07
0.0006381277860088889
0.0018712967165455425
0.0004293301556661679
0.00043980538314263164
0.00029909025289661637
0.003914577789440119
0.000977536094529018
0.0008460554079970051
1.0486265815279274e-05
2.685238110149937e-05
0.0008920348931791267
3.393965009562351e-05
0.0003536003096507509
0.0028086206921731026
0.0017099004758419475
0.0007073448237584555
0.0008517689965594439
0.00023880436583816736
0.00044446829871109606
0.00041124944360555765
0.00033224600702558103
0.003978360532886559
0.000682918461839111
0.00025381266618595527
0.0001653477833443229
7.109786335751767e-05
0.00018499913028567543
0.0012043764770622671
0.0006521817763039226
2.3170795078278057e-05
0.002588907447359345
0.0003926122562211646
0.00019969343930813945
0.0006325739321950746
0.0017900818439064243
0.0018588818326466887
0.0007554836156964961
0.0002238119733550469
0.0016009962975171964
0.00023530018776353213
0.00045162901989187915
0.0033307808810646316
0.00017061900366613098
0.001192606966680927
0.000966664930745002
0.0008788382926749974
0.0009526720998184837
0.0002566992617050747
0.0011779781342986973
0.006151279759122644
0.0016074163674567915
0.00020871003206696445
0.00033968033021467757
0.0011744306527013693
0.0003340541355243705
0.0015196829496820696
0.0007230955329952663
0.0008418148075935543
0.0004131992520660439
0.0004992690915897247
0.001666073894768865
0.0008706230968814731
0.000713712428193604
0.00033107850545528175
0.002644665734461514
0.0007817492154986531
0.0002453514350893262
0.0005749455567455884
0.00024032074558586746
0.0006543733366608793
0.0007363240433980728
0.0005009365058732756
7.328500793850309e-05
0.00016617920271123167
0.0007341551875373721
0.001241659595441535
0.0007841658233717445
0.00051103141335002
0.0005357433842461114
0.0019576007201317965
0.0008299287908082734
0.000519253966865649
0.00040146491109115904
0.0032554670774875105
0.0018844040169968266
0.00010916614656799809
0.0003220442278476747
0.0024254118738308897
0.0008507993809578125
0.0005495870699365853
0.0007271804361650556
0.0015196473327291936
9.816786173515215e-05
0.0012679077751046267
0.0008634963670847973
0.0007158381873300335
0.001381647360192692
0.0018312596911343115
0.00033108267028986486
9.719509209224509e-05
0.0015673392900498351
0.0016529607064442915
0.00040620331509666805
0.0001004532229090053
0.0003057067363395412
0.00012520247327845377
5.493507968078926e-05
0.001185410225071059
0.0027314969280890665
0.000929434300443041
0.000849609523148541
0.00029208279902275897
0.00024325818558803934
0.0003529970982694338
0.0006360371038440807
0.0005930249043342319
3.1209746424543335e-05
0.0011452898604183343
0.0036691724423350744
7.956557358862656e-05
0.002006496275299858
7.143042778894913e-05
0.0020642323884739644
8.96521539085933e-05
0.00022531607581798555
0.0002301195848045386
0.0013982854224078975
1.7457294644429737e-05
3.277978325550519e-05
6.752470815406376e-05
0.0009284279163737489
0.0013705832360597428
0.0008504557649889595
0.0004587282966618605
0.000570009170419918
0.0004458592954947417
0.0015952273076069064
0.0011782087222505539
0.0008095582607800229
0.0003620139588489766
0.0005498403593485437
0.0001160011705814024
0.002337922005835264
0.0013897691719271116
0.0015896110569755286
0.0003826374277725954
0.0008014777969039287
0.0012127995343921222
0.00013366813972614492
0.0009547774389797363
0.0005747264235273383
0.00013157122404379716
0.00013706935397338595
0.0019050146429099297
0.0006246093414440026
0.0007918210472460854
0.00011065937116112102
0.0006184171676632188
0.0016511676172739672
0.0008572261871400444
0.00017161418563035495
0.00010279822401220275
0.0042938372720520345
0.0019847238233760695
0.0017820513746479966
0.0018997605599125845
0.0013489611090948908
0.0011330185448797214
0.0005516174485854046
0.0018283832506243818
0.00022141379697291922
0.00029657693083346283
0.0015055417443797343
7.979433743090908e-05
0.0011891749990458106
0.0007346188202085399
0.0008696497052281371
0.0006400706718243004
0.0007169577908707509
0.00021039205914621565
0.0019194748275570233
0.0007419713956574237
0.0012727870077422845
0.0009154787517922473
0.00014666964325039697
0.0018909868237069957
0.0010016157086861685
0.0019830269300298415
2.9076283689179625e-05
0.00010622862438038195
0.0009607795091318801
0.002170240573370808
0.000870658722729954
6.423175699817845e-06
0.0033528651192404756
0.0004033356367403158
0.002246969371589644
0.0013124943006261824
0.0019052593565282493
8.690647593806584e-05
0.00024565305771296096
5.8243119965163635e-05
0.0008446912656145702
0.00047562243740320093
0.0005063569361046794
0.00013151047505603877
0.0003497707434045434
0.0007679965545877232
0.0002899833427420842
0.007019616512182737
0.0016381022738377435
0.0006382102354244439
0.0005576906050284806
0.0008609846535721176
0.00017646289260158708
0.00013845371251596233
6.279802519022396e-05
0.0007037263472070785
0.0035067698377732907
0.0008435426384387046
0.0002544210048910012
0.00022128314167132822
3.884095307683008e-05
0.005416591870955045
0.00015841951983264826
0.0003384650607773212
0.002055677132584168
0.0001932797331613431
0.002412633861569231
0.0012075296364035572
0.0006018163132397886
0.0018246198683807258
8.990523468424545e-05
0.0017078014537830082
0.0013985647225739902
0.0009521750500913054
0.0006162686572400787
0.00010900148585961842
0.0007461574447669754
0.000545766848477777
0.0016076914635957597
0.0007877381352709938
0.001175755899666264
0.0002400380184336509
0.002730108838586564
0.0013634026573066333
0.00040188527035368637
0.0018257946006605883
0.0014566668658444238
0.0008030552473450871
0.0008632391279365526
0.0003062571647163547
0.0008998992432478771
0.00017838401386460772
0.000332442232243189
0.0003260710524405036
0.0007767844332606521
0.0008318398074398644
3.360846610184922e-05
0.00012015436064154712
3.9307016866976e-05
0.0007694426017671117
0.0028077311364441263
2.5169148072976203e-06
0.00030101217251104893
0.001415038354006812
0.0015016188202928889
0.00026145137177260635
0.0012857399177416174
0.00028531976512149163
0.001165176695690231
0.0007058796817850131
0.004238220779073364
0.00043407174319451354
0.0001945179120829107
0.0010117311575055627
0.0009924918242290974
0.00013083406653146242
0.0005796419889492321
0.0015081361286497362
0.0007016577960964297
0.0025285024346917415
0.001445567633260452
5.192312632049639e-05
0.0006400847299188407
0.0005142643768762234
7.822111624462517e-05
0.0009215439506636523
0.00010339394054848717
0.0027322808770140253
0.0007255473284201424
0.0007757428525082476
0.0022649706357252145
0.0004838839955563545
0.0006758391375692202
0.0012641138802270404
0.0001769784254830489
0.0034399511418841612
0.001237598040711449
0.0011563852135001759
0.0008755028623850887
0.0003894297670481406
0.0038673336638929325
0.0005890590267808519
0.002175291003364368
0.0007627409926962697
0.0007017767419171361
0.0024770656254574997
0.0012460662188516324
0.0011327854718890522
0.0009511763320388647
0.001573840923460819
0.0005271470231796604
0.0002964259183792542
0.002394299928903946
0.0004549385434979666
0.0007339169171683209
0.0009407375703287909
0.0007866679440271825
0.0003675773710433128
9.55105334406652e-05
0.0027381880782856543
0.0014117635379714475
0.0009782601262690962
0.0014118737527712354
0.0011527316223512057
0.0015486076547535216
0.0008209827354374664
0.0005821886422652589
0.0015089838196378474
0.00048746742984806887
0.0012997673122291708
0.00019728022471777632
0.00044132303553615424
0.001533171888430872
0.004113753358669638
0.00035354881567914925
0.00016504326882056718
0.0016339983151825478
0.0016054612527332524
0.0015041828662875907
0.0025974540071115435
0.0009920536606099137
0.00025369566578562196
0.0006618237604723646
0.00020680947840080136
0.00011371474945537522
0.001849657652416229
0.0015757378743722589
0.0007496662845559283
0.0036169635364243185
0.0013176896925277469
0.0011000506281076607
0.0005938276107470194
0.0005817300689239207
0.0013440369998686881
0.0008584020452969185
0.0009624574365739443
0.0007824703506479618
1.9535563933382388e-05
0.00014350444029294398
0.00023048313865821056
0.00013578545152994018
0.0010634261795949315
0.00035805407556129795
0.00019355703588742947
1.2612493864171676e-05
0.0001104354711354596
0.00019572869770770112
0.0010862326549186067
0.00034963961664998173
0.00042859277921602226
0.004418975015273937
0.0006462327181107158
0.0010407720616839114
0.0009762161971537994
6.714328965646849e-06
5.485928994384047e-05
0.00083780745968281
3.744949640004349e-06
0.0009132806821109204
0.007624108022003877
0.001077782759218993
0.0008306732842786753
0.001268736673936806
0.00014109701606406964
0.0025762372808072376
0.0012690945717676806
0.001454044175536946
0.00021741194614089226
0.0006531834936155602
0.00087364823863776
0.00020487700108371494
0.0005368551299665577
0.00010805658463924515
0.0007996785662895546
0.0008757404129687616
0.0004542184110386067
0.0009985163292360742
0.0015050154166642374
9.880693048542312e-05
0.00018057465348951667
0.0003712648646872927
0.0018732395252911611
0.0012537026916989926
0.0015557141060788078
0.0029325617489115584
0.000247903451452286
0.0009126090161943819
0.0007152649689219742
0.00033119380548531237
0.0008634978919891146
0.0007908069760275525
0.0021686090016841885
0.0007290965239193986
0.0037770817190516492
0.0004779635877640817
0.00017801835242262564
0.0010957277789472532
1.418601637355952e-05
0.0006899916602952891
0.0007092343234444755
2.1168185007691954e-05
0.0006067757192794646
0.0022877359101043664
0.000701743641328996
0.00016285462386945388
0.0031790192051488085
0.0003456434251117657
0.00111613625858369
8.1083815450516e-05
0.0016830574960210519
0.0016807315742849531
0.0004773948942239251
0.00012946061260665404
0.0019605550113982392
5.286096690240175e-05
6.53814978886744e-05
5.656787097146718e-05
0.0006028325470586049
0.0015684282377416846
0.000248223203302469
0.00019042345183098146
0.0004608767509211277
0.0010333593795674848
